Time,Frequency
0.00018999999999999998,21333.333333333332
0.000376,21108.17941952507
0.000565,21052.631578947374
0.0007549999999999999,21052.631578947367
0.0009449999999999999,20997.37532808399
0.001135,14336.917562724017
0.001326,12441.679626749614
0.0016929999999999998,14260.2495543672
0.001969,11204.481792717082
0.002254,12987.012987012982
0.002683,18475.750577367195
0.00287,18264.8401826484
0.0031160000000000003,20833.333333333343
0.003308,20565.552699228792
0.0035,20565.552699228792
0.003697,20618.556701030935
0.003889,20942.40837696333
0.004085,21220.1591511936
0.0042710000000000005,20997.375328083974
0.004462000000000001,20887.728459530044
0.004652000000000001,20833.333333333343
0.004845,20942.40837696333
0.0050360000000000005,20997.375328083974
0.005227000000000001,19277.10843373492
0.005417000000000001,19417.47572815534
0.005642000000000001,9019.165727170239
0.005829000000000001,8583.690987124459
0.006529000000000001,17777.77777777775
0.006761000000000001,17094.017094017076
0.006979000000000002,18306.63615560641
0.007229000000000002,20725.388601036266
0.007416000000000002,15267.175572519054
0.007615000000000002,10191.082802547759
0.007940000000000003,11363.636363636368
0.008400000000000003,15238.095238095255
0.008644000000000002,16949.152542372874
0.008925000000000002,13913.043478260848
0.010509000000000003,20833.333333333296
0.010702000000000003,20779.220779220785
0.010893000000000003,20725.388601036313
0.011087000000000003,11142.06128133705
0.011279000000000003,8213.552361396296
0.013136000000000004,11577.424023154837
0.013638000000000004,21052.631578947363
0.013827000000000004,21164.02116402117
0.014018000000000004,21164.02116402117
0.014205000000000004,20671.834625322987
0.014396000000000004,20460.358056265948
0.014592000000000004,20942.40837696333
0.014787000000000005,18348.623853211055
0.014974000000000005,15533.980582524277
0.015223000000000004,14440.433212996417
0.015489000000000005,16842.105263157966
0.015777000000000003,16877.637130801733
0.016251,8537.88687299893
0.016991000000000003,20356.23409669206
0.017188000000000002,18561.484918793467
0.017384000000000004,16842.105263157904
0.017619000000000003,18604.651162790706
0.017859000000000003,16771.48846960174
0.018049000000000003,11976.047904191644
0.018336,9389.671361502364
0.018717,12084.592145015116
0.019188,21164.02116402117
0.019379,19464.72019464729
0.019566,13008.130081300866
0.01979,13793.103448275846
0.020180999999999998,20997.375328083832
0.02037,20779.220779220785
0.020562,20725.388601036408
0.020755,21563.34231805931
0.020947999999999998,12759.170653907444
0.021126,10230.179028132974
0.021575,15151.515151515132
0.021908,21276.595744680777
0.022103,21108.17941952502
0.022284,20460.35805626604
0.022482000000000002,20779.220779220785
0.022675,14466.546112115695
0.022867000000000002,12345.679012345692
0.023228000000000002,16701.461377870553
0.023515,20833.333333333205
0.023707000000000002,18223.23462414571
0.023899000000000004,10256.410256410263
0.024146000000000004,9603.841536614642
0.024679000000000003,16096.579476861138
0.024979000000000005,20887.72845953014
0.025176000000000004,21333.333333333314
0.025362000000000003,21108.17941952502
0.025551000000000004,21108.17941952502
0.025741000000000003,20997.375328083832
0.025930000000000005,21052.631578947265
0.026122000000000006,20833.333333333205
0.026310000000000007,20671.834625322896
0.02650600000000001,12965.964343598065
0.02669700000000001,9111.617312072889
0.027123000000000008,12480.499219968746
0.02757500000000001,21052.631578947265
0.02776400000000001,21164.02116402117
0.02795500000000001,21052.631578947457
0.02814200000000001,20671.83462532308
0.02833500000000001,18223.23462414585
0.02852900000000001,15296.367112810733
0.028774000000000008,17204.301075268813
0.02905200000000001,18691.58878504667
0.029239000000000008,18306.63615560641
0.030667000000000007,21333.333333333314
0.030854000000000006,21052.631578947265
0.031042000000000007,20833.333333333205
0.03123400000000001,21108.17941952502
0.03142600000000001,20887.72845952995
0.03161300000000001,20618.556701030957
0.03180900000000001,20618.556701030957
0.03200100000000001,20356.234096691882
0.03219700000000001,20671.83462532271
0.03239400000000001,20618.556701030957
0.034158000000000015,18779.342723004575
0.034340000000000016,13114.754098360669
0.03458400000000002,8898.776418242522
0.034950000000000016,9195.402298850619
0.035483000000000015,11560.693641618527
0.03582000000000001,14842.300556586331
0.03617500000000001,21333.33333333371
0.03635900000000001,20618.556701030957
0.036550000000000006,18223.23462414571
0.03674700000000001,16736.401673640194
0.03818400000000001,21333.333333333314
0.03836900000000001,21052.631578947072
0.03855900000000001,20833.333333333205
0.03874900000000001,20671.83462532308
0.03894300000000001,16460.90534979423
0.03913600000000001,13289.036544850534
0.03942900000000001,16326.530612244986
0.03973800000000001,17429.193899782094
0.03991900000000001,16949.152542372874
0.04019700000000001,18691.588785046824
0.04039100000000001,18779.34272300488
0.04062500000000001,18735.36299765822
0.040817000000000006,15151.515151515132
0.041052000000000005,13961.605584642135
0.04134500000000001,16877.63713080161
0.04162500000000001,18140.589569161122
0.04181900000000001,18306.63615560641
0.042066000000000006,18691.588785046522
0.04225600000000001,14184.397163120517
0.04249400000000001,14084.507042253545
0.04282000000000001,13071.89542483657
0.044606000000000014,8648.648648648628
0.04509800000000001,9009.00900900901
0.04726700000000001,14388.48920863307
0.04745700000000001,13201.320132013301
0.04782300000000001,8592.910848549998
0.04806300000000001,8146.639511201656
0.048754000000000006,16597.51037344411
0.049045000000000005,20779.22077922097
0.049236,20833.333333333205
0.04943,20942.40837696333
0.049620000000000004,20565.552699228767
0.049812,20460.358056265857
0.050009000000000005,20725.388601036408
0.050203000000000005,20779.22077922097
0.050395,20408.163265306302
0.050588,20833.33333333358
0.053673,21390.37433155084
0.053856,21220.159151193893
0.054047,18912.529550827432
0.054232999999999996,16701.461377870553
0.05447,15122.873345935679
0.055969,21447.72117962476
0.056153999999999996,21333.333333333314
0.056341999999999996,20942.40837696333
0.056528999999999996,14209.59147424509
0.056724,10709.504685408334
0.057092,14260.249554367227
0.057470999999999994,21505.376344085773
0.057652999999999996,21276.595744680777
0.057843,19277.108433735
0.058029,19323.671497584648
0.058258,21108.17941952521
0.058442999999999995,20725.388601036408
0.05984899999999999,18433.17972350214
0.06004399999999999,18779.342723004575
0.060282999999999996,19002.375296912214
0.060469999999999996,8376.963350785361
0.060703999999999994,8810.572687224678
0.061424999999999993,21220.159151193504
0.06161199999999999,18433.17972350214
0.061801999999999996,12232.41590214064
0.062046,8264.462809917324
0.062456,8592.910848549935
0.064254,19559.902200489345
0.064474,21164.021164021753
0.064663,21108.179419525597
0.06485199999999999,21052.631578947843
0.06504199999999999,18648.0186480187
0.06523199999999998,8179.9591002044435
0.069003,20833.333333332826
0.069203,16842.10526315778
0.069387,11283.497884344126
0.071368,10113.78002528445
0.071774,12213.740458015214
0.072159,15873.015873015733
0.07242900000000001,18867.924528302163
0.072663,21052.631578947843
0.072853,21447.72117962476
0.073043,19138.755980861166
0.073226,19002.3752969119
0.073461,21563.342318058705
0.073647,21505.376344085373
0.07383200000000001,15624.99999999962
0.07401900000000002,9378.663540445415
0.07434400000000002,9791.921664626703
0.07487200000000002,16701.461377870797
0.07516100000000002,21108.179419525597
0.07535100000000002,17057.569296375368
0.07554000000000001,12288.786482334892
0.07782700000000001,21220.159151193504
0.07801400000000001,18433.17972350273
0.07820400000000001,9227.220299884737
0.08152000000000001,9433.962264150927
0.08212200000000001,15094.339622641433
0.09094200000000001,21220.159151193504
0.09112800000000001,21052.631578947843
0.09131900000000001,21276.595744680777
0.091508,20942.408376962947
0.09169500000000001,18561.484918793467
0.09189000000000001,10088.272383354324
0.09564200000000002,18561.484918793467
0.09588100000000002,21276.595744680777
0.09607300000000002,19138.755980861166
0.09625700000000002,8968.609865470813
0.09920400000000003,16129.032258064632
0.10507000000000002,17582.417582417696
0.10534300000000002,14492.753623188486
0.10723900000000001,21505.376344086177
0.10742300000000002,21390.37433155084
0.10761100000000001,21978.021978021785
0.10779700000000002,10113.78002528445
0.10858800000000002,12066.365007541533
0.10906300000000002,15414.25818882491
0.10925100000000001,12084.59214501518
0.10958200000000001,9501.187648456107
0.11224200000000001,19464.720194646794
0.11242600000000001,13245.033112582621
0.11265300000000002,12987.012987012873
0.11303000000000002,13333.33333333326
0.11326900000000002,9445.100354191258
0.11670000000000003,11220.196353436102
0.11697600000000002,12841.09149277663
0.11741300000000003,14184.397163120342
0.11759900000000004,9913.258983890928
0.11797700000000004,12121.212121212233
0.11840600000000004,17278.617710583483
0.11863700000000003,19230.769230769245
0.11886900000000003,10471.204188481664
0.11905300000000003,8556.149732620399
0.11963300000000003,9962.640099626424
0.11998800000000003,8743.169398907112
0.12756300000000004,17467.24890829641
0.12774300000000005,13157.894736842161
0.12802100000000005,10582.010582010489
0.12835100000000005,12066.365007541533
0.12877700000000006,9950.248756218916
0.13053400000000007,8574.490889603272
0.13109400000000007,14652.01465201415
0.13146700000000008,16494.845360824293
0.1316400000000001,11560.693641618527
0.1319520000000001,10709.504685408334
0.1323320000000001,11730.205278592102
0.1326990000000001,12718.600953894698
0.1330140000000001,11157.601115760182
0.1391460000000001,17278.617710583483
0.1393280000000001,15999.999999999985
0.1396090000000001,15473.887814313655
0.1398280000000001,15094.339622641433
0.14012600000000008,17817.371937639
0.1403580000000001,18306.636155606702
0.1405750000000001,20151.133501259017
0.1407950000000001,22471.910112358102
0.1409720000000001,15296.367112810021
0.1411510000000001,15355.086372360212
0.14149500000000012,21978.021978021785
0.14167200000000013,16032.06412825653
0.14185900000000012,15037.593984962274
0.14217100000000013,16528.92561983524
0.14239100000000013,10126.582278481203
0.14265500000000012,9400.70505287907
0.1431810000000001,10928.96174863414
0.1435060000000001,10416.66666666679
0.1439130000000001,13793.10344827593
0.1442740000000001,20100.502512562336
0.14807000000000012,16632.016632017272
0.1483680000000001,22038.567493112812
0.1485510000000001,13961.605584641797
0.1487310000000001,10050.251256281519
0.1513520000000001,8113.590263691792
0.15184000000000009,8849.55752212401
0.15233800000000008,9195.402298850766
0.15274400000000007,10666.666666666657
0.15320800000000007,13093.28968903436
0.15599500000000008,9876.543209876818
0.15639800000000006,12882.44766505672
0.15680500000000006,8547.008547008616
0.15701900000000005,8385.744234800748
0.15774100000000005,19704.433497536098
0.15797300000000006,22346.368715083972
0.15814700000000007,9334.889148191402
0.15900400000000006,12539.184952978063
0.15946000000000007,22408.963585434412
0.15964200000000006,22471.910112359852
0.15981700000000007,22408.963585434412
0.15999800000000006,22408.963585434412
0.16017400000000007,14678.899082569078
0.16035500000000005,9101.251422070629
0.16071900000000006,9987.515605493181
0.16123400000000004,12519.56181533645
0.16152000000000005,14925.37313432889
0.16187300000000004,15655.577299413415
0.16205600000000003,15810.276679841696
0.16238400000000003,17543.859649122347
0.16256200000000004,11283.497884344348
0.16284000000000004,10973.936899863133
0.16327100000000003,15037.593984962274
0.16356900000000002,17777.77777777754
0.16380300000000003,20050.125313284076
0.16401900000000003,21798.365122617084
0.16420200000000001,21917.808219179497
0.164386,14814.814814815229
0.164567,13840.830449827105
0.164926,13008.13008130072
0.165145,11173.184357541986
0.167008,14159.29203539798
0.16735,17543.859649122347
0.16909100000000002,8820.286659316514
0.16959300000000002,9019.165727170248
0.169998,10165.184243964293
0.17048000000000002,15180.265654648965
0.17078500000000002,20100.502512562336
0.17100700000000002,22535.211267604238
0.17118300000000003,22284.122562672484
0.17136200000000004,22222.222222220556
0.17154200000000006,22222.222222220556
0.17172200000000007,22408.96358543267
0.17190200000000008,22471.910112358102
0.1720790000000001,20202.020202019823
0.1722580000000001,13793.10344827593
0.1747390000000001,17699.115044247475
0.1749650000000001,13722.126929674096
0.1751910000000001,14981.273408239513
0.1755480000000001,22408.96358543267
0.1757250000000001,20050.125313282682
0.1810610000000001,13961.605584642473
0.1812790000000001,9546.539379474878
0.1816340000000001,9592.326139088713
0.1821170000000001,14814.814814815229
0.1824680000000001,16771.488469601496
0.1826570000000001,10709.504685408334
0.1878480000000001,11396.011396011263
0.1880670000000001,9615.384615384623
0.1885500000000001,13937.28222996537
0.1888990000000001,11940.298507462616
0.1891240000000001,9950.248756218916
0.1895690000000001,10526.315789473536
0.1899280000000001,11461.318051575863
0.1903290000000001,16393.442622951206
0.1906260000000001,21276.59574468156
0.1908170000000001,12924.071082391356
0.19399800000000006,8221.993833504612
0.19599600000000006,11347.517730496274
0.19636500000000007,14184.397163120342
0.19670100000000007,10526.315789473536
0.19692900000000008,10075.566750629509
0.19746100000000008,14842.30055658595
0.1977230000000001,11887.072808320829
0.2009450000000001,11095.700416088774
0.2041380000000001,9422.85041224983
0.2069350000000001,9603.841536614642
0.20759200000000008,12698.412698412307
0.2099190000000001,8781.558726674031
0.2108300000000001,9367.68149882911
0.2113920000000001,11869.436201780765
0.2116840000000001,11157.601115760182
0.2120660000000001,15414.25818882491
0.2124010000000001,21621.621621622704
0.21258500000000008,21390.374331551633
0.21277100000000007,20618.556701030957
0.21295900000000006,20618.556701030957
0.21315900000000007,18779.34272300549
0.21334700000000006,15296.367112810833
0.21358500000000005,15325.670498084448
0.21387000000000006,18735.362997658827
0.21410700000000005,21108.179419525597
0.21429700000000004,20356.234096691882
0.21448600000000004,20565.552699228767
0.21469000000000005,21390.374331551633
0.21487500000000004,20887.728459530328
0.21506400000000003,20942.40837696371
0.21525800000000003,20779.22077922097
0.21544600000000003,20408.163265305942
0.21564300000000003,17543.859649122347
0.21583800000000003,17467.24890829641
0.21609900000000004,16293.279022403543
0.21629600000000004,16326.530612245217
0.21659000000000003,18561.48491879287
0.21819900000000006,12638.230647709426
0.21864300000000006,20887.728459530328
0.21883200000000005,20671.83462532308
0.21902600000000005,20565.552699228767
0.21921900000000005,14109.347442680479
0.21978600000000006,9111.617312072998
0.22042700000000007,16563.146997930173
0.22066400000000005,18306.636155606702
0.22091000000000005,21505.376344086977
0.22110100000000005,15414.25818882491
0.22128200000000003,15122.873345935679
0.22162000000000004,13071.89542483657
0.22181100000000004,11461.318051575863
0.22223200000000004,8658.00865800858
0.22250900000000004,9049.77375565615
0.22315600000000005,18648.0186480193
0.22339300000000004,21164.021164021753
0.22358500000000003,12084.59214501518
0.22377100000000003,8429.926238145368
0.22557400000000002,13029.31596091198
0.22576400000000002,8648.648648648563
0.22618800000000003,10113.780025284272
0.22668900000000003,16563.146997929223
0.22697900000000004,11220.19635343632
0.22717200000000004,8179.959100204675
0.22769200000000003,11444.921316166321
0.22815000000000002,18433.17972350273
0.228391,18604.651162791306
0.228584,12251.148545176355
0.22998,16427.104722793032
0.23027399999999998,14035.08771929856
0.23046699999999998,13029.315960912569
0.23084399999999997,16666.666666667345
0.23108099999999995,19093.078758949756
0.23132399999999995,21857.92349726745
0.23149999999999996,20942.40837696371
0.23168999999999995,14787.430683919054
0.23293599999999995,11627.906976744285
0.23343199999999995,20833.33333333358
0.23362399999999994,20887.728459530328
0.23381599999999994,18433.17972350273
0.23400699999999994,18306.636155606702
0.23424999999999993,16666.66666666638
0.23444399999999993,10062.89308176078
0.23472999999999994,9334.889148191402
0.23650199999999993,9999.999999999714
0.23692899999999995,13008.13008130072
0.23730199999999996,18648.0186480193
0.23754399999999995,20942.40837696371
0.23773099999999994,20512.820512820435
0.23792599999999994,20618.556701030957
0.23812099999999994,15473.887814313655
0.23831399999999994,13377.926421404964
0.23863799999999993,17204.301075269068
0.23891199999999993,20833.33333333358
0.23910299999999993,20779.22077922097
0.23929599999999993,20887.728459530328
0.23948799999999992,20942.40837696371
0.23967899999999992,14159.29203539798
0.23986999999999992,12882.447665056145
0.24024399999999993,8298.755186722055
0.24120799999999992,16427.104722792094
0.24149899999999994,20833.33333333358
0.24169499999999994,20512.820512820435
0.24188299999999993,20253.164556961696
0.24208499999999994,20725.388601036408
0.24227799999999994,12441.679626749521
0.24405799999999994,15533.980582523805
0.24428799999999995,16877.63713080161
0.24457299999999996,18348.62385321135
0.24476199999999995,18306.636155606702
0.24500899999999995,21108.179419525597
0.24519899999999994,20671.83462532308
0.24538799999999994,20779.22077922097
0.24558599999999994,18779.34272300549
0.24577299999999994,10037.641154328832
0.24744699999999992,10781.671159029756
0.24786199999999992,15209.12547528521
0.2481889999999999,19900.497512437145
0.24838799999999991,20304.5685279185
0.24859099999999992,12383.900928792422
0.24878199999999992,12422.360248447096
0.24923699999999993,21052.631578947843
0.24942599999999993,20725.388601036408
0.24961699999999992,20833.33333333358
0.24981199999999992,15065.913370998012
0.2500009999999999,14953.271028037168
0.2503429999999999,20671.834625321597
0.2505359999999999,20833.333333330567
0.25072999999999995,14336.917562723938
0.25092,14336.917562723938
0.25128799999999996,18779.342723003043
0.251478,16666.66666666542
0.251714,15209.125475284407
0.251958,15503.875968991753
0.25224,15444.015444014894
0.25247400000000003,16913.319238900593
0.25275800000000004,20942.40837696371
0.25294700000000003,20779.22077921947
0.25314000000000003,21052.631578944765
0.25333200000000006,21447.721179623964
0.2535200000000001,18957.345971564973
0.25370500000000007,16842.10526315778
0.25394200000000006,18735.36299765761
0.2541800000000001,20833.33333333358
0.25436900000000007,18604.651162791306
0.25456400000000007,12820.512820513684
0.255188,8324.661810614034
0.25595300000000004,20725.388601036408
0.25716600000000006,19093.078758949756
0.2574020000000001,21563.342318058705
0.25758500000000006,18779.342723003043
0.2577730000000001,16359.918200408423
0.2580110000000001,18099.5475113123
0.2582620000000001,20887.728459528815
0.2584530000000001,20997.375328082875
0.2586450000000001,21220.15915119272
0.2588340000000001,21108.17941952405
0.25902200000000014,20942.40837696371
0.25921300000000014,20618.556701030957
0.25940400000000013,20460.358056264402
0.25960100000000014,20618.556701028007
0.25979500000000016,20512.820512820435
0.2599890000000002,10178.11704834666
0.26018500000000017,10269.576379974667
0.26077500000000015,21220.15915119272
0.26096400000000014,21108.17941952405
0.26115200000000016,20997.375328082875
0.26134300000000016,20942.408376960666
0.2615330000000002,20833.333333330567
0.2617250000000002,20833.333333330567
0.26191700000000023,20942.408376960666
0.26210900000000026,21276.59574467842
0.2622990000000003,21164.021164018646
0.2624850000000003,20833.333333330567
0.2626770000000003,20833.333333330567
0.26286900000000035,20671.834625321597
0.2630610000000004,20779.22077921947
0.2632560000000004,20887.728459528815
0.2634460000000004,20725.388601036408
0.2636390000000004,20565.552699230237
0.2638320000000004,11994.002998501232
0.2640280000000004,11494.25287356364
0.2644990000000004,19277.108433735
0.26472400000000035,20942.408376960666
0.26491400000000037,20725.388601033424
0.2651060000000004,20779.22077921947
0.2653000000000004,20671.83462532456
0.2654910000000004,20618.556701030957
0.2656870000000004,20997.375328082875
0.2658790000000004,16913.319238900593
0.2660680000000004,11958.146487293921
0.2663520000000004,9900.990099009523
0.26716000000000045,9411.76470588216
0.26781600000000044,20725.388601033424
0.26801000000000047,20833.333333330567
0.2682020000000005,20725.388601033424
0.2683940000000005,20512.820512820435
0.26858800000000055,20833.33333333358
0.2687840000000005,16985.138004246313
0.26897200000000054,15238.095238095306
0.2692550000000005,18306.63615560554
0.26949700000000054,20833.33333333358
0.26969200000000054,20100.502512562336
0.26988100000000054,18604.651162788905
0.27009000000000055,14492.753623187029
0.2703110000000006,15444.015444014894
0.2706420000000006,20942.40837696371
0.2708290000000006,20356.23409669332
0.2710240000000006,20151.133501260425
0.2712220000000006,20565.5526992273
0.2714210000000006,20997.375328082875
0.2716110000000006,20779.22077921947
0.2718020000000006,20779.22077921947
0.2719960000000006,18518.518518519035
0.2721870000000006,15748.031496062731
0.2724280000000006,12251.148545175834
0.27269500000000063,10335.91731266154
0.27308100000000063,12759.170653907726
0.27346900000000063,18561.48491879287
0.2737080000000006,20833.333333330567
0.27390000000000064,20942.408376960666
0.27409200000000067,21052.631578944765
0.2742820000000007,20887.728459528815
0.2744720000000007,20671.834625321597
0.2746650000000007,20618.556701028007
0.27485900000000074,20671.834625321597
0.27505300000000077,14134.275618374286
0.27524600000000077,12345.679012344966
0.2756190000000008,17167.381974248117
0.2758940000000008,21108.17941952405
0.2760850000000008,21052.631578944765
0.2762730000000008,12176.560121765255
0.27646500000000085,8658.008658008841
0.27693000000000084,12326.656394452802
0.27738900000000083,21108.17941952405
0.27757900000000085,21108.17941952405
0.27776800000000085,21108.17941952405
0.27795800000000087,21108.17941952405
0.27814700000000087,21390.37433154846
0.2783370000000009,21164.021164018646
0.2785210000000009,20671.834625321597
0.27871500000000093,17897.091722596073
0.27890800000000093,18099.5475113123
0.2791620000000009,20942.408376960666
0.27935000000000093,20725.388601033424
0.27954400000000096,20942.408376960666
0.279736000000001,21108.17941952405
0.279926000000001,21108.17941952405
0.280115000000001,21108.17941952405
0.280305000000001,21220.15915119272
0.280494000000001,20725.388601036408
0.28068200000000104,20512.820512820435
0.280880000000001,18223.234624144843
0.28107200000000104,18348.62385321135
0.28131900000000104,20887.728459528815
0.28150800000000104,20671.834625321597
0.28170200000000106,21390.374331551633
0.28189500000000106,21621.621621622704
0.28207600000000105,20779.22077922247
0.28226500000000104,20671.83462532456
0.282461000000001,14814.814814815229
0.282652000000001,14814.814814815229
0.283001000000001,20942.40837696371
0.283192000000001,20779.22077921947
0.283383000000001,20779.22077921947
0.283577000000001,21052.631578947843
0.283768000000001,15533.980582524644
0.283957000000001,9888.751545117379
0.284283000000001,11904.761904761799
0.284766000000001,20942.40837696371
0.284955000000001,20833.33333333358
0.285148000000001,21164.021164021753
0.285339000000001,21505.376344086977
0.285526000000001,21333.333333332524
0.285711000000001,20942.408376960666
0.285901000000001,21108.17941952405
0.28609300000000104,21164.021164021753
0.28628000000000103,13029.31596091198
0.28647100000000103,10854.816824966261
0.28689400000000104,14678.899082569826
0.287208000000001,17130.620985010883
0.287439000000001,18691.588785045005
0.287675000000001,20833.333333330567
0.28786700000000104,13136.288998357399
0.28805900000000106,11577.424023154896
0.28847600000000106,17353.579175705396
0.28875000000000106,20887.72845953184
0.28893700000000105,20408.16326530883
0.28913300000000103,15473.887814313655
0.29100800000000104,20833.333333330567
0.29119800000000107,20887.728459528815
0.2913920000000011,20942.40837696371
0.2915810000000011,20779.22077921947
0.2917740000000011,13029.31596091198
0.2919660000000011,12345.679012346023
0.2923880000000011,19093.078758949756
0.2926140000000011,20833.33333333358
0.2928070000000011,21052.631578947843
0.2929980000000011,21052.631578947843
0.2931870000000011,8676.789587852698
0.2933780000000011,8686.210640607986
0.29410900000000106,20942.408376960666
0.2942990000000011,21052.631578944765
0.2944910000000011,21220.15915119272
0.29467900000000113,16985.138004246313
0.29486800000000113,17057.569296375368
0.29515000000000113,21447.721179623964
0.2953370000000011,21447.721179623964
0.29552300000000115,20942.40837696371
0.29571000000000114,20618.556701030957
0.29590500000000114,14625.228519195085
0.29731600000000113,12307.692307691561
0.2979660000000012,8376.963350784998
0.2987330000000012,21333.333333332524
0.2989210000000012,20942.40837696371
0.2991080000000012,20997.375328082875
0.2993030000000012,21276.59574467842
0.2994890000000012,20997.375328082875
0.29967900000000125,16842.10526315778
0.29987000000000125,12195.1219512197
0.30015400000000125,12066.36500754204
0.30052600000000124,12965.964343598504
0.3008170000000012,8918.617614269975
0.3017140000000012,11347.517730496274
0.3022340000000012,18823.52941176432
0.3024190000000012,10854.816824965443
0.30265900000000123,11747.430249632156
0.30315600000000126,21563.342318058705
0.3033400000000013,21108.17941952405
0.30352700000000127,20833.333333330567
0.3037190000000013,21052.631578944765
0.3039110000000013,20942.408376960666
0.30409900000000134,20304.5685279185
0.30429300000000137,20512.820512820435
0.30449300000000135,18348.62385320901
0.30468300000000137,13050.570962478965
0.3049290000000014,10723.860589811982
0.3052960000000014,13093.289689033765
0.30687500000000145,8307.372793353696
0.30764400000000147,21108.17941952405
0.3078380000000015,21333.333333332524
0.3080230000000015,21108.17941952405
0.3082130000000015,21390.374331551633
0.3084020000000015,18823.52941176432
0.3102750000000015,9603.841536614962
0.3109290000000015,10869.565217391912
0.3111080000000015,8611.410118407282
0.31166500000000147,10526.315789473922
0.31203700000000145,9685.230024213153
0.31242500000000145,11799.410029498318
0.31286300000000145,13157.894736842161
0.31310300000000146,13745.704467354626
0.31347100000000144,14336.917562723938
0.31368500000000143,15238.095238095306
0.31402900000000145,16771.488469601496
0.31421000000000143,14760.147601474859
0.31450600000000145,10723.860589811982
0.3147520000000015,10899.182561307718
0.3152520000000015,15533.980582524644
0.3154860000000015,15355.086372361031
0.31576700000000146,18691.588785045005
0.3160070000000015,21108.17941952405
0.3161950000000015,15444.015444014894
0.3163860000000015,9029.345372460519
0.3167130000000015,9049.77375565615
0.3172720000000015,13745.704467353316
0.3175970000000015,12461.059190030543
0.3178540000000015,9603.841536614322
0.31823900000000155,10695.187165775023
0.31868700000000155,16666.66666666542
0.3189870000000016,13582.34295415945
0.3191670000000016,8556.149732620146
0.3195760000000016,11267.605633802119
0.3201020000000016,21108.17941952405
0.3202860000000016,20942.40837696371
0.3204810000000016,15564.202334629912
0.3206680000000016,10709.504685408334
0.32099500000000164,13201.320132013301
0.3214150000000016,13355.592654423679
0.32320600000000166,18912.529550827123
0.32338500000000164,11461.318051575407
0.32362900000000167,8281.573498964612
0.3240830000000017,10113.780025284626
0.32662700000000167,12924.071082390197
0.3268460000000017,9975.062344139342
0.3272460000000017,11157.601115759751
0.3276480000000017,15180.265654648965
0.3279630000000017,18181.818181818348
0.3281750000000017,14159.292035398677
0.3284030000000017,13245.033112582925
0.3287400000000017,17699.115044247475
0.3290070000000017,18561.48491879287
0.3291920000000017,18648.018648018096
0.32943800000000173,21621.621621622704
0.3296210000000017,15779.092702170257
0.3298080000000017,11510.791366906455
0.3301280000000017,11461.318051575407
0.3321880000000017,22038.567493112812
0.3323680000000017,13961.605584642473
0.3325510000000017,9523.80952380944
0.3329410000000017,11764.7058823527
0.3333910000000017,18912.529550827123
0.3336210000000017,21447.721179623964
0.3338140000000017,15936.254980079604
0.33399400000000173,11560.693641618991
0.3363750000000017,8171.603677221591
0.3454980000000017,15873.015873015733
0.3457260000000017,11851.851851852183
0.35165100000000166,13986.013986013571
0.35196400000000166,15180.265654648965
0.36394600000000166,11019.283746556406
0.36423600000000167,12139.6054628231
0.36875400000000164,12779.552715655771
0.3853900000000017,9708.737864077117
0.39611000000000174,8705.114254624563
0.39676500000000176,14897.57914338893
0.44865300000000186,18140.58956915998
0.44882700000000186,9650.18094089236
0.4490940000000019,8705.114254624563
0.4898820000000019,9489.916963226768
0.5418490000000021,13628.620102214554
0.5580070000000023,10484.927916121153
0.5583690000000022,13816.925734024271
0.5587700000000022,17937.219730939392
0.5589480000000022,17857.1428571427
0.5592160000000023,15180.265654650564
0.5612710000000022,8196.721311475603
0.5617740000000022,9615.384615385265
0.5622470000000022,9864.36498150424
0.5642500000000021,8958.566629338979
0.5667240000000022,11173.18435754112
0.5670300000000023,8629.989212513381
0.5674400000000023,8255.9339525284
0.5679570000000023,9456.264775413561
0.5732470000000023,10596.026490066924
0.5749040000000022,12779.552715654638
0.5752590000000022,16359.918200406566
0.5755300000000022,18264.840182646338
0.5757480000000023,9987.51560549249
0.5908460000000022,10471.204188481855
0.6026240000000022,15094.339622643804
0.7609600000000021,13961.60558464112
0.7949360000000021,14059.75395430477
0.7952420000000021,15037.593984963058
0.7955050000000021,8918.617614270528
0.8041360000000021,13114.754098360669
0.804521000000002,11095.700416087493
0.8092800000000021,13050.570962480148
0.8096760000000021,12944.983818770072
0.8252610000000021,12539.184952977517
0.8392350000000021,11111.111111110278
0.8800650000000021,9389.671361502746
1.0573860000000017,8333.333333334636
1.0580510000000016,15533.980582522969
1.0787480000000012,12084.592145016193
1.1049480000000007,8154.9439347612915
1.2645330000000008,8255.9339525284
1.292623000000001,11527.377521614291
1.849715000000001,13114.754098360669
1.8540200000000011,11510.791366904617
1.9425350000000017,10243.277848912692
2.358553000000002,9422.8504122486
2.359142000000002,9779.951100247328
2.4095570000000013,15209.125475290826
2.447258000000001,9153.31807780277
2.4539980000000012,15122.873345942027
2.501358000000001,8928.57142857135
2.5155530000000006,10709.504685407537
2.5159540000000007,14519.056261349702
2.5163000000000006,19559.902200494656
2.5165050000000004,19704.433497541486
2.5167090000000005,19851.116625313563
2.5169110000000003,15151.515151512742
2.5249920000000006,12598.425196851562
2.5254270000000005,17699.115044243128
2.5256270000000005,12288.786482335678
2.5258790000000007,8583.690987127127
2.677791999999999,11363.636363639336
2.6842789999999983,9237.875288680878
2.6849439999999984,15122.873345929333
2.6909319999999988,17429.19389979105
2.6911889999999987,19656.019656038872
2.6913909999999985,19656.019656038872
2.6915959999999983,19417.475728162084
2.691797999999998,17167.381974254255
2.692007999999998,17057.569296381425
2.692263999999998,14109.347442675644
2.692476999999998,10101.010101008495
2.692830999999998,8016.0320641278195
2.693268999999998,8752.735229756394
2.6938289999999983,9840.098400979208
2.6946419999999986,9029.345372456559
2.695316999999999,19464.720194639565
2.695527999999999,19753.086419764466
2.695727999999999,14159.292035400067
2.700692999999999,19607.843137245964
2.700899999999999,11627.906976740063
2.7039749999999994,9828.009828008711
2.7043319999999995,8958.566629338979
2.7061459999999995,13050.570962480148
2.7065039999999994,15414.258188819964
2.7067589999999995,8501.594048883437
2.7095939999999996,9840.098400984583
2.7102009999999996,19559.902200494656
2.7104069999999996,13628.620102217132
2.718333999999999,17353.579175703308
2.718542999999999,11347.517730497168
2.723243999999999,16985.13800424231
2.723497999999999,13769.363166954887
2.723714999999999,12820.512820518246
2.724078999999999,17429.19389979105
2.7243389999999987,19464.720194660596
2.7245379999999986,16877.637130798645
2.731429999999999,10204.081632648637
2.735553,9009.009009011263
2.736042,11477.761836446412
2.7364409999999997,13333.333333334802
2.7380859999999996,19230.76923077053
2.7382919999999995,19093.078758952288
2.7385019999999995,17353.579175703308
2.7387109999999995,10430.247718380806
2.7389629999999996,9237.875288680878
2.744373,12820.512820518246
2.7446829999999998,10088.27238335662
2.7454759999999996,8048.2897384310745
2.7462669999999996,17505.470459521293
2.7464699999999995,17353.579175703308
2.7467239999999995,16985.13800424231
2.7469309999999996,11004.126547456473
2.7538769999999997,8908.685968816748
2.754142,8008.008008006452
2.7609810000000006,19417.475728162084
2.7611870000000005,15384.615384619707
2.762449,10666.666666666262
2.7629900000000003,19417.475728162084
2.763199,17130.620985010883
2.763402,11940.298507463605
2.763666,10430.247718386845
2.768766,19559.902200473418
2.768967,19230.769230749996
2.769175,19138.755980849728
2.7693830000000004,19323.671497578172
2.7695930000000004,19323.671497578172
2.7697970000000005,19417.475728162084
2.7700070000000006,19607.843137267304
2.7702090000000004,17582.417582413942
2.7704150000000003,8324.66181061211
2.778943000000001,9080.590238364137
2.779614000000001,12965.96434359617
2.779824000000001,8333.33333333271
2.780231000000001,9950.248756218572
2.780784000000001,14362.65709155831
2.781035000000001,9009.009009006757
2.7819230000000013,8629.989212514414
2.782488000000001,10139.41698352151
2.7871720000000018,12987.012987014043
2.7981540000000016,19417.475728162084
2.7983600000000015,15267.17557251999
2.7985660000000014,11958.146487289952
2.7988840000000015,9259.259259254759
2.7992350000000017,10443.864229764407
2.8074050000000015,12882.447665061327
2.8076110000000014,8686.21064060851
2.8080260000000012,11379.800853483119
2.8085320000000014,19851.116625313563
2.8087290000000014,17278.617710587627
2.8115980000000014,15414.258188833153
2.811908000000001,19277.108433742735
2.812117000000001,17167.381974254255
2.814252000000001,12944.98381876542
2.814510000000001,11111.111111106853
2.8148700000000013,10914.051841741531
2.8196100000000017,15594.541910338568
2.8198690000000015,14035.087719293777
2.8255870000000014,15594.54191032507
2.8269380000000015,9685.230024213153
2.8273440000000014,10269.576379973203
2.8277640000000015,9080.590238364137
2.8281230000000015,9070.294784577707
2.8313480000000015,19851.116625313563
2.8315480000000015,19464.720194639565
2.8317510000000015,19417.475728141155
2.8319590000000017,19093.078758952288
2.8321630000000018,15065.913370996437
2.8323780000000016,13745.704467352005
2.832694000000002,15122.873345942027
2.8329600000000017,15384.615384619707
2.8332230000000016,15473.887814316979
2.8364210000000014,14010.507880913698
2.8367390000000015,17505.470459521293
2.8369920000000013,19512.195121950197
2.8371960000000014,19417.475728162084
2.8374020000000013,19370.460048426306
2.8376080000000012,19464.720194639565
2.8378150000000013,19417.475728141155
2.8380190000000014,16806.722689062743
2.8382270000000016,12820.512820509122
2.840578000000002,9732.360097325041
2.841093000000002,12638.230647716076
2.841400000000002,9512.485136743448
2.8430600000000017,14311.270125224224
2.843420000000002,19559.902200494656
2.8436190000000017,13582.342954155609
2.8448870000000017,9433.962264151389
2.845530000000002,19417.475728162084
2.8457350000000017,19184.652278172318
2.8459420000000017,12738.853503187738
2.846152000000002,10062.893081765347
2.8465700000000016,12461.059190030543
2.8480630000000016,12638.23064770721
2.849469000000002,17278.617710587627
2.849723000000002,16842.105263165653
2.8499320000000017,14059.75395430477
2.8501980000000016,13050.570962480148
2.8505010000000017,14159.292035400067
2.8508110000000015,17467.248908294296
2.8510660000000017,19512.195121950197
2.8512690000000016,17167.381974254255
2.8514760000000017,13961.605584649236
2.8517350000000015,14084.507042255953
2.8520490000000014,17429.19389979105
2.8523030000000014,19323.671497598898
2.852508000000001,19370.460048426306
2.852717000000001,15503.875968986751
2.852921000000001,15473.887814316979
2.854426000000001,17241.379310344088
2.854686000000001,19559.902200494656
2.854890000000001,19464.720194660596
2.855095000000001,19417.475728162084
2.8553010000000008,19230.76923077053
2.8555070000000007,19277.108433742735
2.8557170000000007,15748.031496064452
2.8559220000000005,11527.377521610602
2.8562250000000007,9779.951100242019
2.857746000000001,9569.37799043503
2.858323000000001,12841.091492785212
2.8602440000000002,9029.345372461084
2.8620840000000003,14084.507042255953
2.86234,15533.980582522969
2.862652,17278.617710587627
2.862855,15655.577299415116
2.863115,13937.282229968741
2.863689,8394.543546694811
2.864443,19704.433497541486
2.864642,19417.475728162084
2.864849,17316.017316027046
2.8650539999999998,14059.75395430477
2.8653109999999997,12841.091492776057
2.865623,9557.945041818812
2.8659339999999998,9334.889148192611
2.8664599999999996,9546.539379476144
2.8693379999999995,15384.615384619707
2.8696489999999995,19138.75598087006
2.8698579999999994,12558.869701731248
2.873713999999999,9122.006841504957
2.874332999999999,15594.54191032507
2.8745909999999992,17130.620985010883
2.8748459999999993,12759.170653913374
2.8750579999999992,8510.638297872876
2.875997999999999,9803.921568628317
2.876607999999999,17353.579175703308
2.876813999999999,17391.304347829682
2.877068999999999,19417.475728162084
2.877273999999999,11560.693641619919
2.880530999999999,15533.980582522969
2.880731999999999,15686.27450981043
2.881045999999999,11940.298507463605
2.881241999999999,11678.83211678374
2.881715999999999,13513.513513510135
2.8819269999999992,9378.66354044801
2.882307999999999,11019.283746559777
2.882779999999999,13050.570962480148
2.885960999999999,17353.579175703308
2.886160999999999,8465.608465606712
2.889873999999999,16666.66666666542
2.890138999999999,13675.213675212326
2.8946019999999995,11958.14648729789
2.8949149999999992,8547.008547010137
2.897902999999999,11034.482758626129
2.9181919999999972,12658.227848101948
2.918558999999997,11782.03240058358
2.918823999999997,9557.94504181374
2.9192379999999973,9661.835748789086
2.9196609999999974,9779.951100242019
2.9200659999999976,10217.113665386914
2.9204789999999976,9101.251422067468
2.922186999999998,12539.1849529797
2.9270119999999977,14260.2495543607
2.927323999999998,13157.894736838556
2.927572999999998,11004.126547456473
2.927931999999998,10738.25503356031
2.9385659999999976,15717.092337914622
2.9388689999999977,13675.213675212326
2.9442789999999976,10512.48357424732
2.9446849999999976,10322.580645161688
2.9494539999999976,10113.780025284626
2.9652079999999974,14285.714285722657
2.9655149999999972,8879.02330743797
2.971104999999997,11799.410029503148
2.971538999999997,11283.497884343022
2.9782029999999966,12345.679012346023
2.978591999999997,8171.603677224834
2.9795709999999964,9876.543209876818
2.9801339999999965,16000.000000008868
2.9803809999999964,12638.230647716076
2.988235999999996,14159.292035400067
2.988438999999996,9546.539379476144
2.988800999999996,8138.351983725497
2.9954649999999963,9163.80297823234
2.9974729999999967,17621.14537445111
2.9977239999999967,14311.270125224224
2.9992479999999966,9913.258983890928
2.9998119999999964,13961.605584638415
3.0060999999999964,8714.596949891311
3.0128049999999966,11315.417256007551
3.013139999999997,8978.675645340325
3.0146869999999972,9291.52148664343
3.0433539999999977,13179.571663920397
3.2677309999999973,8676.789587851654
3.2682399999999974,11111.111111113705
3.2710859999999973,12861.736334398021
3.2884009999999972,15414.258188833153
3.288580999999997,10652.463382161037
3.2911669999999966,14285.714285711327
3.2954709999999965,19138.75598087006
3.2957029999999965,21164.021164021753
3.3011159999999964,8839.77900552551
3.3029689999999965,11444.921316165866
3.3047309999999963,10152.28426395925
3.3064939999999963,10624.169986719735
3.306727999999996,8048.2897384310745
3.3072469999999963,10012.51564455855
3.307721999999996,9708.737864075809
3.323972999999996,11204.481792711978
3.3243489999999962,9732.360097319783
3.333591999999996,10840.10840108214
3.3473779999999964,8869.179600887328
3.3495989999999964,8097.165991902925
3.3500189999999965,9512.485136743448
3.3523729999999965,11782.032400591286
3.359271999999996,8421.05263157889
3.359930999999996,15037.593984969335
3.360221999999996,18390.804597702707
3.3604629999999958,17057.569296381425
3.3661389999999956,15779.092702161619
3.3664159999999956,15624.999999997926
3.366645999999996,16913.319238902575
3.3669279999999957,18648.018648018096
3.3671189999999958,12176.560121767312
3.3686139999999956,9828.009828008711
3.3689479999999956,9489.916963224892
3.3706509999999956,12820.512820509122
3.3709049999999956,9815.950920242602
3.371274999999996,11834.31952662899
3.371719999999996,18648.018648018096
3.3719509999999957,18779.342723003043
3.372148999999996,13179.571663920397
3.375209999999996,10526.315789472383
3.375591999999996,11396.011396011714
3.375969999999996,15717.092337914622
3.376293999999996,18957.345971567465
3.3764789999999962,18823.52941176924
3.376715999999996,21108.17941951787
3.376903999999996,18475.750577361756
3.3835869999999963,9039.548022600886
3.385426999999996,13050.570962480148
3.388776999999996,10416.666666668296
3.389169999999996,11299.43502824969
3.389544999999996,15151.515151512742
3.391040999999996,12698.41269841007
3.391482999999996,19047.619047615102
3.391670999999996,13050.570962480148
3.391902999999996,8403.361344539211
3.392283999999996,8465.60846561069
3.392854999999996,12121.212121214272
3.393228999999996,11904.761904757866
3.393514999999996,9184.84500573983
3.393900999999996,9070.294784582275
3.394385999999996,9184.84500573983
3.394782999999996,9163.802978237001
3.397574999999996,13816.92573402162
3.3979179999999958,18823.52941174957
3.398153999999996,20942.408376957625
3.398342999999996,20408.163265320392
3.398535999999996,12519.561815335363
3.402704999999996,15267.17557251999
3.402939999999996,13008.13008130483
3.403228999999996,13245.033112591447
3.403554999999996,17057.569296381425
3.4038329999999957,20887.728459516704
3.4040239999999957,21052.631578932465
3.404215999999996,14184.397163114758
3.404403999999996,13675.213675212326
3.404779999999996,14842.300556590535
3.404988999999996,15180.265654650564
3.405318999999996,15473.887814316979
3.405515999999996,15779.09270217544
3.405835999999996,20408.163265320392
3.406022999999996,20202.020202028318
3.4062279999999956,21220.159151202097
3.4064189999999956,20887.728459540926
3.4066049999999954,12658.227848101948
3.4096569999999953,9592.326139086159
3.4100299999999955,8213.552361394175
3.4104909999999955,11494.252873562724
3.4110039999999957,21220.159151202097
3.4111869999999955,18264.84018265097
3.4113809999999956,11477.761836446412
3.413369999999995,8714.596949887095
3.4140449999999953,16494.845360814852
3.4142879999999955,8918.61761426832
3.416281999999996,13675.213675212326
3.416627999999996,9779.951100242019
3.416866999999996,9791.921664625872
3.417445999999996,16877.637130798645
3.417683999999996,8438.818565399322
3.4206309999999958,12012.012012015017
3.4210489999999956,12820.512820509122
3.4232069999999957,12519.561815335363
3.4235139999999955,15122.873345929333
3.4238459999999957,18306.63615561484
3.4240429999999957,18433.179723509806
3.4242829999999955,20997.375328085935
3.4244769999999956,16985.13800424231
3.4246639999999955,12121.212121206116
3.4249479999999957,8138.351983721821
3.425323999999996,10025.062656640644
3.427191999999996,9815.950920242602
3.431471999999996,20833.33333333659
3.431672999999996,19184.65227819275
3.431855999999996,19047.619047635242
3.4320899999999956,16194.33198381313
3.4322759999999954,10430.247718380806
3.4330429999999956,9685.230024213153
3.4336839999999955,17057.569296365273
3.4338689999999956,13961.605584638415
3.434152999999996,14035.087719293777
3.4344419999999958,13136.288998351412
3.434722999999996,11994.002998501232
3.435050999999996,15355.086372361031
3.435389999999996,13223.140495863643
3.435571999999996,11331.444759205267
3.437081999999996,8171.603677224834
3.437839999999996,15779.09270217544
3.438060999999996,10512.48357424732
3.4416579999999954,8385.744234803675
3.4491079999999954,11283.497884343022
3.4494279999999953,10624.169986719735
3.4498169999999955,10928.961748637868
3.4501809999999953,11299.43502824969
3.450548999999995,10139.41698352151
3.4523839999999955,9732.360097325041
3.4572529999999952,10796.221322542086
3.457708999999995,10914.051841748145
3.457993999999995,9400.705052879683
3.458441999999995,13698.630136988228
3.458844999999995,11126.564673155055
3.459025999999995,8421.05263157889
3.459563999999995,9132.420091325484
3.461704999999995,10484.927916119626
3.462108999999995,13536.379018612333
3.4696779999999947,12718.60095389526
3.4700419999999945,13722.12692966887
3.4703069999999947,8565.310492505441
3.4748629999999947,13029.315960919048
3.4752429999999945,13157.894736848168
3.4768109999999943,17582.417582413942
3.4782469999999943,12558.869701731248
3.4915709999999938,9937.888198761188
3.4920629999999937,11142.061281337103
3.4988649999999937,10498.687664042967
3.533673999999993,12195.121951223828
3.6478799999999922,9925.558312656782
3.802162999999992,9400.705052874777
3.944976999999994,14571.948998180877
3.945229999999994,14625.228519193603
3.945525999999994,12539.1849529797
3.9559289999999936,8528.784648186675
4.2283449999999965,8281.573498964612
5.761634999999998,8519.701810438439
5.768462999999998,8056.394763341426
5.772078999999999,10269.57637996735
5.796575,17467.248908294296
5.796822,17241.379310344088
5.797033,17391.30434784647
5.797286,19607.843137288648
5.797492999999999,19607.843137288648
5.797693999999999,14010.507880913698
5.797900999999999,14159.292035400067
5.798264999999999,19801.98019803809
5.798465999999999,12618.296529972407
5.815314999999998,17241.379310344088
5.815530999999998,12779.552715645572
5.831166999999999,15904.57256460783
5.831421999999999,15841.584158402611
5.831669999999999,11922.503725772956
5.83746,9876.543209882233
5.837814,9019.165727173917
5.83827,12364.760432769632
5.847650999999999,14184.397163125926
5.847959999999999,11799.410029503148
5.851843999999999,9313.154831197278
5.858754999999999,9900.990099008162
5.863211999999999,12698.41269841007
5.863524999999999,8879.02330743797
5.8716599999999985,8639.308855293813
5.9042949999999985,11994.002998501232
5.904703999999999,13050.570962489603
5.9049619999999985,13266.998341627206
5.905316999999998,11049.723756906888
5.906851999999998,8483.56309650528
5.909285999999997,8810.572687225555
5.921848999999997,8898.776418238263
5.922747999999998,9950.248756213075
5.923294999999998,17316.017315993755
5.923551999999998,22408.963585423957
5.923756999999998,8474.576271189926
5.924700999999998,13029.315960919048
5.925104999999998,19277.108433722107
5.925314999999998,19656.019656017423
5.925519999999998,19607.843137245964
5.925721999999998,17429.19389977419
5.925927999999998,17699.115044243128
5.926180999999998,10943.912448699853
5.927925999999998,10403.120936280618
5.948666999999998,10884.353741500921
5.957764999999998,9400.705052879683
5.964698999999998,14059.753954293796
5.964999999999998,12307.692307687357
5.965267999999998,11627.906976740063
5.973239999999998,17057.569296381425
5.973449999999998,14035.087719304713
5.973708999999998,12084.59214501214
5.977040999999998,15625.000000011478
5.977291999999998,14234.87544482984
5.977552999999998,14260.2495543607
5.977853999999998,17278.617710587627
5.978113999999998,19464.720194660596
5.978316999999998,13675.213675212326
5.980945999999998,19559.902200515895
5.981152999999997,15686.27450979677
5.981354999999997,10335.917312651904
5.9816629999999975,8676.789587851654
5.987580999999998,8519.70181043038
5.988161999999998,12084.59214501214
5.9885199999999985,14159.292035400067
5.988823999999998,15296.367112802716
5.989084999999998,15503.875968986751
5.990782999999999,8908.685968816748
5.9914749999999986,19512.195121929064
5.991680999999999,19464.720194660596
5.991884999999999,17391.30434784647
5.992091999999999,15355.086372361031
5.9923449999999985,12861.736334407204
5.997919999999999,11887.0728083223
5.9982859999999985,10540.1844532224
5.998592999999999,11299.435028242602
6.002722999999999,9237.875288680878
6.003130999999999,12139.60546282719
6.003588999999999,19656.019656017423
6.003789999999999,19184.652278151887
6.003995999999999,19277.108433722107
6.004206999999999,19656.019656017423
6.004410999999999,19230.76923079106
6.004613999999999,12841.091492794365
6.0063369999999985,14109.347442675644
6.006701999999999,19753.086419764466
6.006903999999999,17467.248908294296
6.007106999999999,11461.318051578142
6.0078049999999985,9535.160905839897
6.008381999999998,11678.83211679131
6.010983999999999,12965.96434359617
6.011284999999999,12841.091492776057
6.011600999999999,15594.54191031157
6.011907999999999,17021.276595745752
6.0121139999999995,15325.670498106449
6.012377999999999,11527.377521625356
6.013071999999998,9269.988412506704
6.013684999999999,15296.367112802716
6.013934999999999,9975.06234413727
6.0155009999999995,8810.572687225555
6.016018,13422.818791950387
6.0164089999999995,19184.652278151887
6.016614,12841.091492776057
6.016826,8483.56309650528
6.0177689999999995,9445.100354188316
6.022905,19417.475728120222
6.023111,19230.769230749996
6.0233170000000005,19607.843137245964
6.0235270000000005,11782.032400591286
6.025155000000001,17057.569296381425
6.025411000000001,19047.619047655382
6.0256240000000005,19417.475728162084
6.025831,19323.671497578172
6.026036,19138.75598087006
6.026245,11544.011544010633
6.032181000000001,9269.988412516244
6.225374000000002,8438.818565399322
6.2405120000000025,13490.725126489207
6.269985000000003,11251.75808720261
6.270494000000003,12461.059190030543
6.276847000000003,17353.579175720024
6.289380000000003,10282.776349620986
6.675952000000002,8247.422680414978
6.691879000000003,14440.433212992077
6.924038000000006,8179.95910020514
7.3811390000000054,15325.670498080373
7.488587000000005,23598.82005903721
7.488750000000005,15594.541910338568
7.488926000000005,11869.4362017793
7.521331000000005,14625.228519193603
8.555222000000004,23391.812865507854
8.555405000000004,28070.175438609425
8.555564000000004,31872.509960102816
8.555690000000004,31372.549019484268
8.555815000000004,27491.408934641076
8.555945000000005,19801.98019803809
8.556106000000005,19417.475728203943
8.556349000000004,21276.595744722395
8.556518000000004,19323.671497619627
8.556725000000004,23598.82005897538
9.033874000000003,17699.115044277907
9.034119000000002,19323.671497619627
9.034326000000002,15686.27450979677
9.034533000000001,11331.444759191012
9.034836000000002,11267.605633806525
9.035239000000002,9029.34537246561
9.047943000000004,9592.326139096374
9.055676000000004,8196.7213114784
9.056454000000004,17699.115044277907
9.056652000000003,15655.577299428722
9.056906000000003,11834.319526621215
9.068670000000004,10309.278350514003
9.074248000000004,14760.147601493
9.079547000000003,19607.843137245964
9.079746000000004,19417.475728120222
9.079955000000004,11560.693641605081
9.090975000000004,19417.475728120222
9.091183000000004,17353.579175720024
9.097971000000003,13136.288998341834
9.098327000000003,15564.20233460638
9.098580000000004,12903.225806459504
9.098841000000004,12048.192771076318
9.099200000000003,10178.117048326532
9.104131000000004,15564.202334660169
9.104333000000004,14035.087719304713
9.104645000000003,17429.193899740465
9.104903000000004,14492.753623168082
9.105104000000004,11283.497884335955
9.105455000000005,12084.59214501214
9.107014000000005,19512.195121929064
9.107236000000006,16129.032258062827
9.107424000000005,8648.648648643892
9.111027000000005,8537.8868729952
9.111964000000006,9039.548022596351
9.112543000000006,10178.117048349535
9.121334000000003,19801.98019803809
9.121529000000002,19417.475728120222
9.121738000000002,19512.195121929064
9.121941000000003,14311.270125246961
9.122148000000003,13223.140495863643
9.122500000000002,12658.227848075265
9.124881000000004,14732.965009197134
9.125232000000004,17897.091722618297
9.125424000000004,12598.425196869182
9.125679000000003,8928.5714285802
9.126059000000003,11142.061281350885
9.126575000000003,13651.877133101201
9.126777000000002,10825.43978347428
9.127161000000003,12965.96434359617
9.127516000000004,17167.381974270615
9.127778000000003,19512.195121929064
9.127982000000003,19370.460048426306
9.128188000000003,17353.579175720024
9.133640000000003,11940.29850747152
9.135756000000002,14159.292035400067
9.136164000000003,21798.365122681378
9.136321000000002,19230.76923079106
9.136531000000002,17582.41758239678
9.139197000000003,12987.012986995318
9.141591000000004,12820.512820509122
9.143265000000003,17738.359201774656
9.143464000000003,12598.425196869182
9.143716000000003,8040.201005028074
9.144099000000002,8752.735229760647
9.144711000000003,9756.097560985667
9.145531000000002,9029.34537246561
9.146061000000001,11049.723756906888
9.148950000000001,20100.5025125343
9.149137000000001,19559.902200515895
9.149348000000002,20050.125313292447
9.149546,17241.379310311084
9.149747000000001,15533.980582522969
9.150010000000002,13864.818024267573
9.152581000000001,9478.672985773757
9.153006000000001,12882.4476650429
9.153425000000002,17543.85964913089
9.153627000000002,10854.816824979342
9.155518,19656.01965597453
9.155721000000002,19704.433497541486
9.155925000000002,19950.12468827454
9.156127000000001,19900.497512382186
9.156326000000002,11627.906976740063
9.158185000000001,8179.95910020514
9.161014000000002,19138.75598087006
9.161224,19417.475728120222
9.161432000000001,15094.339622656451
9.16286,13864.818024267573
9.163123,13864.818024267573
9.163437,17204.30107526291
9.1637,19704.433497541486
9.163902,19370.460048426306
9.164106,19093.07875899276
9.164315,16949.15254242769
9.164525,17167.381974270615
9.164786999999999,11004.126547463196
9.167106999999998,10178.117048349535
9.167567999999997,14981.273408238734
9.167892999999998,19851.11662529169
9.168101999999998,10989.010989003351
9.168295999999998,8188.331627425281
9.177575000000001,13223.140495863643
9.17778,10296.010295995218
9.181261000000001,19464.720194660596
9.181467000000001,19464.720194660596
9.181672,19512.195121929064
9.181878000000001,19656.01965597453
9.182082000000001,16985.13800421028
9.183421000000003,19704.433497541486
9.183622000000003,19607.843137245964
9.183827000000003,19370.460048426306
9.184030000000003,10989.010989030165
9.189540000000003,15533.980582522969
9.189746000000003,15564.202334660169
9.190055000000003,20356.234096745073
9.190260000000002,19801.98019803809
9.190448000000002,18691.58878507167
9.190664000000002,19002.37529694197
9.190876000000001,19184.652278151887
9.191085000000001,17316.017315993755
9.191293000000002,17241.379310377088
9.191547000000002,19417.475728203943
9.191757,17467.248908294296
9.194082000000002,19559.902200515895
9.194282000000001,17094.017094028386
9.194491000000001,12598.425196869182
9.19708,15625.000000038584
9.197334999999999,10498.687664042967
9.199013999999998,10088.27238335662
9.199380999999999,10309.278350537603
9.199806999999998,10484.927916131832
9.205114999999997,9580.838323349126
9.368276999999996,19656.01965597453
9.368475999999996,17094.017093963503
9.368683999999996,15655.5772993743
9.368943999999997,8221.993833503673
9.375495999999996,17543.85964913089
9.375751999999997,12987.012987032767
9.379182999999996,12158.05471125353
9.379526999999996,14134.275618395079
9.379840999999995,11267.605633806525
9.381758999999995,14285.714285711327
9.381960999999995,9673.518742430617
9.382318999999995,8948.545861291368
9.382787999999996,12718.60095389526
9.383212999999996,19512.195121929064
9.383416999999996,17391.304347812893
9.383622999999996,17391.304347812893
9.385198999999997,14285.714285711327
9.385505999999996,17429.193899740465
9.385758999999997,17167.381974205175
9.385964999999997,17353.579175653154
9.386224999999998,19559.90220043094
9.386425999999998,19417.475728120222
9.386633999999999,19417.475728120222
9.386838,19277.108433722107
9.387046,19370.460048426306
9.387253,19138.75598087006
9.387459,19184.65227823361
9.387671,19753.086419807787
9.387875999999999,19753.086419807787
9.388075999999998,13769.36316698646
9.391762999999997,19559.902200515895
9.391962999999997,8918.61761426832
9.392171999999997,8978.675645331376
9.392859999999997,19417.475728120222
9.393062999999998,19417.475728120222
9.393271999999998,19512.195121929064
9.393474999999999,17094.017094028386
9.397459,19656.01965597453
9.397665,19370.460048426306
9.397866,19138.75598087006
9.398078,19417.475728120222
9.398284,18957.345971547515
9.39849,16985.13800427434
9.398706,17130.620985059755
9.398961,19464.720194660596
9.399173,19370.460048426306
9.399372,13136.288998380149
9.399586,12383.900928798275
9.399980999999999,17582.41758239678
9.400231999999999,19656.01965597453
9.400436,19801.980197951023
9.400639,13722.126929658416
9.40084,9433.96226415633
9.405379,17897.091722618297
9.405628,19851.11662537919
9.405826,19417.475728203943
9.406030999999999,19417.475728203943
9.406237999999998,19277.10843380462
9.406442999999998,13311.148086530666
9.408202999999997,12195.12195119906
9.408602999999998,11713.03074669828
9.409285999999998,8040.201005028074
9.409919999999998,14362.65709154686
9.410280999999998,19950.12468827454
9.410476999999998,19370.460048426306
9.410681999999998,19323.671497536714
9.410889999999998,12383.900928798275
9.411095999999999,9580.838323369508
9.411535999999998,13311.148086530666
9.411930999999997,19417.475728120222
9.412136999999998,19323.671497536714
9.412342999999998,19184.652278151887
9.412550999999999,19138.75598087006
9.412759999999999,19417.475728120222
9.412968999999999,19093.078758911815
9.413172,19184.652278151887
9.413388,19801.980197951023
9.413589,19559.90220043094
9.413792,19512.195121929064
9.413998000000001,19512.195121929064
9.414202000000001,17278.617710587627
9.414408000000002,8048.289738427478
9.414665000000001,8456.659619443348
9.415402000000002,14134.275618395079
9.415611000000002,14159.292035400067
9.415968000000001,17505.47045948727
9.416176000000002,15594.541910338568
9.416425000000002,15296.367112828693
9.416689000000002,16877.63713078283
9.416948000000001,19230.76923070894
9.417163000000002,19370.460048426306
9.417364000000003,11611.030478963508
9.417576000000002,9603.841536613681
9.418053000000002,10781.671159019674
9.418409000000002,8781.55872667082
9.418795000000003,8978.675645349274
9.419320000000003,8196.7213114784
9.419686000000002,9791.921664631194
9.420296000000002,12903.225806459504
9.420503000000002,12102.874432693608
9.420916000000002,17817.371937651118
9.421164000000001,19656.01965597453
9.421365000000002,17094.017094028386
9.421571000000002,16985.13800427434
9.421833000000001,17130.62098499459
9.422042000000001,17204.30107526291
9.422300000000002,19559.902200515895
9.422507000000001,19559.902200515895
9.422709000000001,17057.569296413727
9.422916,17241.379310377088
9.423178,20000.000000046613
9.42338,19851.11662537919
9.423578,19656.019656060318
9.423782999999998,19950.12468827454
9.423984999999998,13675.213675191564
9.42457,9280.74245940002
9.425227999999999,19512.195121929064
9.425431999999999,19047.619047615102
9.425638,17021.276595745752
9.430348999999998,10471.204188478812
9.430904999999997,19184.652278151887
9.431112999999998,16985.13800427434
9.431321999999998,13605.442176900813
9.432890999999996,19753.08641972115
9.433091999999997,19607.843137245964
9.433295999999997,19370.460048426306
9.433499999999997,17316.017315993755
9.434869999999998,19607.843137245964
9.435075999999999,19656.019656060318
9.435277999999998,15414.258188859532
9.435482999999998,10088.27238335662
9.435796999999997,8088.978766426054
9.439695999999998,15533.980582522969
9.439954999999998,17543.85964913089
9.440210999999998,19704.433497541486
9.440410999999997,19656.01965597453
9.440616999999998,17660.04415010029
9.440817999999998,12678.288431056377
9.441069999999998,11363.636363624999
9.441448999999999,12441.679626746298
9.443715,9638.554216861054
9.444132999999999,9400.705052869871
9.444545,11204.481792711978
9.444984,12618.296529972407
9.445259,13377.92642140248
9.445618,15094.339622605861
9.447981,9685.230024213153
9.448348000000001,12176.560121792005
9.448807,13114.754098360669
9.449005,10296.010295995218
9.46187,15594.54191028457
9.462168,12903.225806422535
9.462383,9367.681498825152
9.462788000000002,8565.310492513587
9.469694,8130.081300821389
9.470134,8138.351983725497
9.476170999999999,11477.761836431786
9.756071999999998,14059.753954293796
9.811949999999998,15037.593984969335
9.812269999999998,17167.381974270615
9.812481999999997,16460.905349779656
9.812735999999997,17391.304347812893
9.812967999999998,17505.470459555316
9.813195999999998,15779.092702203083
9.831940999999997,8714.596949887095
9.833679999999998,8810.572687216936
9.834395999999998,15355.086372334854
9.847843999999998,8024.072216650637
9.848514999999999,10362.694300524165
9.848840999999998,12539.18495297097
9.849286999999999,15238.095238104972
9.849478999999999,12232.41590215855
9.860004999999997,11799.410029518605
10.071936999999997,19900.49751247012
10.072178999999997,27874.564459915917
10.072338999999996,27777.77777766433
10.072465999999997,27397.260273976455
10.072626999999997,30651.340996160747
10.072757999999997,26666.666666570916
10.072887999999997,13422.818791950387
10.205492999999999,10884.353741487768
10.221306,14760.147601493
10.221598,15267.175572558806
10.221848,10296.010296018756
10.224311999999998,10335.917312663763
10.224661999999997,8465.608465594778
10.361576,10723.86058981996
10.47914,11869.4362017793
10.479491999999999,12139.605462810829
10.479814,11851.85185186388
10.547167,9174.311926593993
10.547681,11142.06128132332
10.636684000000002,8611.41011839699
10.637440000000003,15810.276679852102
10.637613000000004,14571.948998192665
10.637946000000003,19851.11662529169
10.638162000000003,25559.105431291144
10.638349000000003,31496.062992128904
10.638475000000003,30651.340996160747
10.638603000000003,27118.64406784348
10.638736000000003,26755.85284280496
10.638898000000003,26755.85284280496
10.639035000000003,23809.523809594404
10.639197000000003,19138.75598087006
10.878110000000003,17977.5280898506
10.878427000000004,27491.408934641076
10.878555000000004,27118.644067680187
10.878718000000005,30418.25095053029
10.878850000000005,30303.03030307646
10.878981000000005,23668.639053304625
10.879114000000005,12480.499219970909
12.033589000000005,17204.30107526291
12.033864000000005,20779.220779240444
12.034054000000005,22222.22222218629
12.034249000000004,24024.02402393392
12.034414000000005,23809.52380946853
12.034582000000006,13223.140495863643
12.229102000000006,8385.744234815385
12.462993000000004,31007.75193813362
12.463136000000004,34934.497816724084
12.463251000000003,27397.260273976455
12.463365000000003,26755.85284280496
12.463543000000003,32786.88524585393
12.463664000000003,32786.88524585393
12.463787000000004,32786.88524585393
12.463908000000004,32258.064516010127
12.464031000000004,31746.03174584615
12.464156000000004,31128.40466910518
12.464283000000005,30534.35114491059
12.464413000000006,30534.35114491059
12.464545000000006,30418.25095053029
12.464675000000007,29962.546816577138
12.464808000000007,29629.629629776657
12.464942000000006,29411.764705997
12.465078000000005,16949.152542363903
12.703665000000006,20997.375328036986
12.703811000000007,16771.488469599542
12.704046000000007,18823.52941176924
12.704288000000007,23529.411764736135
12.704471000000007,28571.428571422653
12.704628000000007,31746.03174606993
12.704751000000007,30888.03088805627
12.704880000000006,30769.230769134305
12.705010000000007,30303.03030307646
12.705140000000007,30075.18796993867
12.705274000000006,29520.2952027925
12.705406000000007,16460.905349779656
12.705545000000008,8072.653884972209
12.894049000000008,18691.58878507167
12.894239000000008,13071.895424830642
12.89986800000001,14869.888475820026
12.90021200000001,20942.408376957625
12.900406000000011,21108.179419592067
12.90059400000001,20671.834625327527
12.90078500000001,20671.834625327527
12.90098100000001,16597.51037344841
12.90416600000001,20618.556701075206
12.90435900000001,13559.32203392174
12.909098000000009,20887.728459468268
12.90928700000001,14010.507880891904
12.90948100000001,11331.444759191012
12.90985800000001,10825.43978347428
12.915279000000012,21164.02116404662
12.915464000000012,20725.388601096016
12.915657000000012,20671.834625327527
12.915850000000011,20618.556700980807
12.916044000000012,20779.220779240444
12.916238000000012,20779.220779240444
12.916429000000011,20618.556700980807
12.916623000000012,18181.818181772473
12.916817000000012,12618.296529972407
12.917063000000013,12759.170653913374
12.917451000000012,18264.84018261393
12.917690000000013,18390.80459772148
12.917889000000013,18561.484918838294
12.918125000000012,20942.408376957625
12.918320000000012,21108.179419493135
12.918507000000012,20779.220779240444
12.918699000000013,20725.388601096016
12.918892000000012,20512.820512849634
12.919085000000011,20565.552699218497
12.919282000000011,20512.820512849634
12.919474000000012,20151.133501282966
12.919672000000011,20887.728459468268
12.919871000000011,21164.02116394716
12.920055000000012,12965.96434359617
12.922439000000011,9422.85041224367
12.923039000000012,18140.58956914628
12.923288000000012,18475.75057732386
12.923480000000012,12158.054711220708
12.925574000000013,20725.38860100064
12.925768000000014,8000.000000004434
12.926768000000013,10723.860589794425
12.927007000000014,11019.283746553037
12.927514000000015,11034.482758632888
12.928239000000014,11428.571428569063
12.928749000000014,20779.220779240444
12.928939000000014,20887.728459565144
12.929134000000014,16563.14699795968
12.930754000000013,20565.552699218497
12.936999000000013,21276.595744722395
12.937182000000012,18604.651162803315
12.963503000000012,9696.969696960978
12.963965000000012,13071.895424830642
12.964328000000013,12364.760432752659
12.967166000000013,15444.015444028135
12.969131000000013,12480.499219970909
12.969475000000013,10282.776349609248
12.973718000000014,9523.809523807551
12.974082000000013,11544.011544010633
12.974558000000014,15355.086372387208
12.974775000000013,12269.938650296566
12.975079000000013,10075.566750618942
12.975427000000014,11396.011396004506
12.977444000000014,14010.50788093549
12.977616000000014,9696.969696981858
12.978015000000013,10088.27238335662
12.978441000000013,8113.590263683112
12.978808000000013,9174.311926593993
12.979427000000014,14285.714285711327
12.979680000000014,13157.894736848168
12.979987000000014,16842.105263165653
12.980288000000014,18348.623853262743
12.980462000000013,17937.21973093493
12.980724000000013,18223.23462414254
12.980908000000014,15533.980582522969
12.981163000000013,17738.359201774656
12.981423000000014,9216.589861764332
12.981614000000013,8791.208791215551
12.982291000000012,20050.125313292447
12.982524000000012,15267.17557250705
12.982690000000012,12048.192771076318
12.983048000000013,14336.917562728218
12.983354000000013,17897.091722618297
12.983606000000012,19950.12468827454
12.983801000000012,19047.619047615102
12.984007000000013,20050.125313292447
12.984221000000012,19950.12468827454
12.984406000000012,13311.148086530666
12.984622000000012,10973.936899866474
12.985007000000012,10914.051841741531
12.985351000000012,11477.761836431786
12.985740000000012,12121.212121214272
12.986048000000013,11331.444759219523
12.986400000000012,14760.147601493
12.986754000000012,15968.063872259867
12.986942000000012,11834.319526621215
12.987255000000012,9269.988412506704
12.987618000000012,10498.687664042967
12.988118000000012,14234.875444874833
12.988380000000012,13986.013986013571
12.988680000000011,15094.339622605861
12.988952000000012,11922.503725772956
12.989210000000012,9803.921568622982
12.989623000000012,11904.761904765734
12.991235000000012,9580.838323369508
12.991758000000011,11904.761904765734
12.99207000000001,11157.601115762342
12.992430000000011,9685.230024213153
12.99278700000001,10322.580645149857
12.993256000000011,12987.012986995318
12.993562000000011,12638.230647698343
12.995226000000011,18181.818181772473
12.995410000000012,14084.507042266965
12.995666000000012,8620.689655172044
12.995978000000012,8714.596949887095
12.996594000000012,15748.031496064452
12.996896000000012,19656.01965597453
12.997102000000012,19512.195121929064
12.997303000000013,14084.507042266965
12.997512000000013,13071.895424830642
12.997871000000012,14336.917562682576
12.998124000000013,10884.353741487768
12.998429000000014,10928.961748644499
12.998859000000014,15904.57256460783
12.999161000000013,19999.999999957792
12.999362000000014,17353.579175720024
12.999561000000014,13816.92573402162
12.999823000000013,13559.322033880917
13.000140000000014,15209.125475265146
13.000413000000014,17699.11504420835
13.000666000000015,19900.497512382186
13.000865000000015,19370.460048426306
13.001068000000016,19559.902200515895
13.001278000000015,17699.11504420835
13.001477000000015,13377.92642140248
13.001730000000016,13201.320132025394
13.002075000000016,17817.371937651118
13.002336000000016,17777.77777781921
13.002524000000015,17094.017094028386
13.002786000000015,15037.593984969335
13.004190000000014,10309.278350514003
13.004511000000013,10012.51564454742
13.004966000000014,12121.212121214272
13.005310000000014,9950.248756213075
13.006979000000014,14010.50788093549
13.007243000000013,13986.013986013571
13.007550000000013,14010.507880891904
13.007815000000013,10430.247718386845
13.008121000000013,8056.394763348632
13.009114000000013,10230.179028120583
13.009707000000013,17738.359201774656
13.009896000000014,15296.367112828693
13.010158000000013,13888.888888874999
13.010419000000013,12779.552715645572
13.010734000000014,15414.258188806774
13.011045000000014,19753.08641972115
13.011253000000014,11004.126547463196
13.011450000000014,8859.357696574749
13.011980000000014,12738.853503205755
13.012353000000013,15473.887814356853
13.012608000000013,13559.32203392174
13.012870000000012,8121.8274111674
13.013198000000012,9367.681498825152
13.013855000000012,15624.999999984373
13.014052000000012,15594.541910338568
13.015458000000011,19753.086419807787
13.015665000000011,17391.30434788005
13.01586300000001,17505.470459555316
13.01612500000001,20253.16455700012
13.01632000000001,17278.617710587627
13.016520000000009,9791.921664631194
13.016783000000009,9768.009768010923
13.017337000000008,16985.13800421028
13.017602000000009,16032.064128269907
13.01780800000001,12012.012012031037
13.018101000000009,10796.221322542086
13.018474000000008,14336.917562728218
13.018842000000008,17582.41758239678
13.019032000000008,12480.499219970909
13.019297000000009,8988.76404494324
13.019673000000008,9791.921664609905
13.020187000000009,15717.092337887198
13.02049000000001,19559.90220043094
13.02069600000001,14414.414414406487
13.02089900000001,11834.319526621215
13.02125100000001,14184.39716310359
13.021575000000011,18691.58878507167
13.02181500000001,15748.031496064452
13.02200300000001,12738.853503169721
13.02232300000001,14336.917562728218
13.022631000000011,8810.572687234171
13.02428700000001,14311.270125201485
13.02463800000001,19704.433497541486
13.02484600000001,14414.414414452622
13.02504400000001,14414.414414452622
13.02540100000001,14311.270125246961
13.025599000000009,14414.414414406487
13.025960000000008,11510.79136690094
13.026154000000009,11444.92131618041
13.026655000000009,15968.063872259867
13.026853000000008,16096.579476826191
13.027156000000009,15904.57256460783
13.027350000000009,15873.015873034965
13.027659000000009,19559.902200515895
13.027854000000008,13536.379018612333
13.028068000000008,8316.008316012956
13.028445000000008,10376.134889773446
13.029030000000008,15473.887814356853
13.029216000000007,8705.114254627717
13.030135000000007,9111.61731207127
13.030633000000007,12326.656394467562
13.031013000000007,13400.335008396072
13.031282000000006,15686.27450979677
13.031610000000006,21857.92349718291
13.031792000000006,20304.5685279185
13.031976000000007,19753.086419807787
13.032186000000006,19851.11662529169
13.032381000000006,19704.433497541486
13.032589000000007,13029.315960937894
13.034362000000007,9291.521486638638
13.034913000000007,15748.031496064452
13.035223000000007,20050.125313292447
13.035421000000007,19753.08641972115
13.035622000000007,19607.843137245964
13.035826000000007,19512.195121929064
13.036030000000007,19417.475728120222
13.036236000000008,19370.460048426306
13.036442000000008,19277.108433722107
13.036649000000008,19464.720194576472
13.036857000000008,19950.12468827454
13.03706000000001,14010.50788093549
13.037258000000008,13422.818791950387
13.037631000000008,18306.63615561484
13.037854000000008,19370.460048426306
13.038068000000008,19753.08641972115
13.038267000000008,14897.57914340125
13.038473000000009,11019.283746579998
13.038804000000008,13651.877133142585
13.039199000000007,15904.572564663997
13.039390000000006,15533.980582522969
13.039702000000005,19656.01965597453
13.039905000000006,19323.671497619627
13.040109000000006,19559.902200515895
13.040319000000006,19512.195121929064
13.040518000000006,19093.078758911815
13.040729000000006,19417.475728120222
13.040937000000007,19704.433497541486
13.041141000000007,19323.671497619627
13.041343000000007,13559.32203392174
13.041555000000006,9661.835748789086
13.041933000000006,8359.456635306222
13.042383000000006,10191.082802541543
13.042890000000007,16563.14699795968
13.043168000000007,19753.086419807787
13.043373000000006,19704.433497541486
13.043573000000006,19559.90220043094
13.043779000000006,19512.195121929064
13.043982000000007,19138.75598087006
13.044189000000006,19230.76923079106
13.044400000000007,15473.887814356853
13.044605000000006,15841.584158458334
13.044917000000005,17660.04415010029
13.045110000000005,17582.41758239678
13.046883000000005,19512.195121929064
13.047084000000005,15094.339622656451
13.047293000000005,15594.541910338568
13.047614000000005,15564.20233460638
13.047806000000005,15209.125475265146
13.048128000000005,19323.671497619627
13.048332000000006,19230.76923079106
13.048542000000005,19323.671497536714
13.048748000000005,19184.652278151887
13.048956000000006,19277.108433722107
13.049165000000006,19464.720194660596
13.049371000000006,19277.10843380462
13.049576000000005,19559.902200515895
13.049786000000005,19559.902200515895
13.049985000000005,19277.10843380462
13.051516000000003,16064.257028101756
13.051819000000004,19753.086419807787
13.052014000000003,19607.843137331332
13.052224000000002,17353.579175720024
13.052422000000002,17391.304347812893
13.052685000000002,10709.50468540117
13.053432000000003,9580.838323369508
13.054012000000002,19753.086419807787
13.054267000000001,17278.617710587627
13.054417,15533.980582522969
13.054730000000001,15065.913370983837
13.056084000000002,17660.04415010029
13.056330000000003,19184.65227823361
13.056537000000002,19417.475728203943
13.056747000000001,19559.902200515895
13.056949000000001,19323.671497619627
13.057156,19184.65227823361
13.057363,19464.720194660596
13.057573,15009.380863017355
13.05896,17204.30107526291
13.059226,19704.433497541486
13.059425000000001,19417.475728203943
13.059632,19559.902200515895
13.059837,19277.108433722107
13.060041,19559.902200515895
13.060252,19559.902200515895
13.06045,19184.652278151887
13.060661,15810.276679852102
13.060867,13913.043478271804
13.061167,15999.999999980446
13.061442,16632.0166319952
13.061667,13179.571663910756
13.061923,11065.006915618682
13.062274,11111.111111093145
13.063771000000001,12944.983818784023
13.064178,17021.276595745752
13.064389,15686.27450979677
13.064648,15180.265654650564
13.064899,17057.569296413727
13.065175,19900.49751247012
13.065368,19138.75598087006
13.065577,19230.76923079106
13.065786,15503.875969013437
13.065992999999999,15384.615384619707
13.066301999999999,19801.98019803809
13.066512999999999,19704.433497541486
13.066705999999998,19607.843137245964
13.066918999999999,19753.086419807787
13.067113999999998,19184.65227823361
13.067323999999997,19047.619047615102
13.067530999999997,11494.252873570058
13.069118999999997,17204.30107526291
13.069319999999998,15238.095238104972
13.069583999999997,8978.675645349274
13.069844999999997,9029.34537246561
13.070474999999997,17660.04415010029
13.070730999999997,8820.286659318674
13.070927999999997,8743.1693989156
13.071637999999997,15384.615384619707
13.071842999999996,14953.271028007688
13.072157999999996,14035.087719304713
13.072377999999997,14466.54611211506
13.072727999999996,19607.843137245964
13.072930999999997,16913.319238918455
13.073135999999996,15296.367112828693
13.073403999999996,10989.010989030165
13.073658999999996,12084.59214501214
13.074131999999995,13093.289689012354
13.074320999999996,8024.072216650637
13.074742999999996,9163.80297823234
13.075615999999997,8547.008547014193
13.076353999999997,19656.019656060318
13.076551999999996,19512.195121929064
13.076760999999996,19900.497512382186
13.076961999999996,19950.12468827454
13.077162999999997,19950.12468827454
13.077362999999997,15936.254980051408
13.077563999999997,13114.754098360669
13.077864999999997,12903.225806459504
13.078173999999997,8565.310492513587
13.079107999999996,9334.889148192611
13.079596999999996,13937.282229957958
13.079964999999996,19559.90220043094
13.080170999999996,19559.90220043094
13.080373999999997,19370.460048426306
13.080579999999998,19417.475728203943
13.080786999999997,19230.76923079106
13.080991999999997,19512.195121929064
13.081202999999997,19656.01965597453
13.081401999999997,19370.460048426306
13.081609999999998,19464.720194660596
13.081814999999997,19512.195121929064
13.082020999999997,19277.108433722107
13.082224999999998,16736.401673664244
13.082435999999998,17094.017094028386
13.082702999999997,19512.195121929064
13.082903999999997,19138.75598087006
13.083112999999997,19093.07875899276
13.083321999999997,16563.14699795968
13.083531999999996,11764.705882368067
13.083804999999996,10126.58227850006
13.084594999999995,8686.21064060851
13.086571999999995,13157.894736848168
13.086981999999995,19950.12468827454
13.087179999999995,17204.30107526291
13.087382999999996,12519.561815344063
13.089068999999995,8762.322015328231
13.089725999999995,15748.031496064452
13.089981999999996,8032.1285140652035
13.090233999999995,8394.543546702635
13.090977999999994,17241.379310377088
13.091186999999994,15533.980582522969
13.091441999999994,15748.031496064452
13.091701999999994,17699.115044277907
13.091949999999994,19656.01965597453
13.092153999999994,19323.671497536714
13.092356999999994,17278.617710587627
13.092567999999995,13888.888888874999
13.092819999999994,12012.012011998997
13.096908999999995,16460.905349779656
13.100298999999994,12658.227848075265
13.103097999999996,19607.843137245964
13.104317999999996,17429.193899740465
13.106312999999997,17582.41758239678
13.106570999999997,19900.49751247012
13.106767999999997,19559.902200515895
13.106972999999996,19607.843137245964
13.107176999999997,19607.843137245964
13.107380999999997,19559.902200515895
13.107584999999997,19370.460048426306
13.107789999999996,19370.460048426306
13.107997999999997,19512.195122013603
13.108202999999996,19559.902200515895
13.108407999999995,19559.902200515895
13.108611999999995,19417.475728203943
13.108816999999995,19417.475728203943
13.109023999999994,19512.195122013603
13.109228999999994,19277.10843380462
13.109433999999993,19093.07875899276
13.109643999999992,19512.195121929064
13.109852999999992,19900.497512382186
13.110053999999993,19753.08641972115
13.110254999999993,19370.460048426306
13.110458999999993,13355.592654438531
13.113272999999992,19753.086419807787
13.113477999999992,19704.433497541486
13.113677999999991,9962.640099611272
13.113883999999992,10037.641154323937
13.114480999999993,19417.475728203943
13.114680999999992,19559.902200515895
13.114892999999991,19801.98019803809
13.115089999999991,19323.671497619627
13.115296999999991,19138.75598087006
13.11550399999999,8146.639511197626
13.115714999999991,8255.933952532183
13.116485999999991,20050.125313292447
13.11668399999999,19801.980197951023
13.116884999999991,19607.843137245964
13.117087999999992,17467.248908294296
13.119230999999992,19417.475728120222
13.119436999999992,19370.460048426306
13.119642999999993,19417.475728203943
13.119849999999992,15594.541910338568
13.120054999999992,15873.01587297902
13.120362999999992,19999.999999957792
13.120558999999993,19704.433497541486
13.120762999999993,19607.843137245964
13.120964999999993,19464.720194660596
13.121170999999993,19559.902200515895
13.121375999999993,19417.475728120222
13.121579999999993,19184.652278151887
13.121787999999993,19277.108433722107
13.121996999999993,19277.108433722107
13.122202999999994,17241.379310377088
13.122411999999994,15717.092337942047
13.122666999999993,17467.248908294296
13.122920999999993,19512.195121929064
13.123124999999993,19323.671497536714
13.123330999999993,18957.345971547515
13.123538999999994,11527.377521625356
13.123752999999994,10376.134889749539
13.124232999999993,16293.279022395252
13.124523999999994,17316.017316060337
13.124723999999993,11644.832605544585
13.124985999999993,11510.79136690094
13.125410999999993,16877.63713078283
13.125680999999993,17621.145374468342
13.125884999999993,17582.417582465423
13.126134999999993,19559.902200515895
13.126339999999992,19512.195121929064
13.126543999999992,19559.90220043094
13.126749999999992,19559.90220043094
13.126952999999993,19184.652278151887
13.128270999999994,17660.04415010029
13.128521999999995,19704.433497541486
13.128723999999995,13628.620102227442
13.128927999999995,13698.630136988228
13.129310999999994,19656.01965597453
13.129511999999995,19370.460048426306
13.129717999999995,8879.023307446721
13.129924999999995,8958.566629343433
13.130618999999994,19900.497512382186
13.130817999999994,19801.980197951023
13.131020999999995,19851.11662529169
13.131221999999996,19704.433497541486
13.131423999999996,19370.460048426306
13.131627999999996,14842.300556590535
13.132970999999996,19370.460048426306
13.133174999999996,17391.304347812893
13.133383999999996,17467.248908294296
13.133634999999996,19753.086419807787
13.133841999999996,19753.086419807787
13.134039999999995,19417.475728203943
13.134246999999995,19559.902200515895
13.134451999999994,19512.195121929064
13.134655999999994,19417.475728120222
13.134861999999995,19417.475728120222
13.135067999999995,18957.345971547515
13.135273999999995,8429.926238142656
13.135489999999995,8510.638297872876
13.136222999999996,8324.66181061211
13.136429999999995,8359.456635306222
13.137183999999996,19464.720194576472
13.137386999999997,19323.671497536714
13.137594999999997,19417.475728120222
13.137800999999998,13559.322033880917
13.138390999999999,8097.165991906565
13.139171999999999,19607.843137245964
13.139378999999998,19656.01965597453
13.139579999999999,19512.195121929064
13.139785999999999,19559.902200515895
13.13999,19464.720194660596
13.140194999999999,19047.619047615102
13.141528999999998,17777.777777749034
13.141775999999998,19704.433497455273
13.141979,19559.90220043094
13.142182,17021.276595745752
13.142388,12903.225806459504
13.142652,13114.754098360669
13.143008,17505.47045948727
13.143262,19607.843137245964
13.143465,19704.433497541486
13.14367,19607.843137245964
13.143871,19656.019656060318
13.144078,19753.086419807787
13.144278,19512.195122013603
13.144483,19277.10843380462
13.144687999999999,19093.07875899276
13.144897999999998,19047.619047615102
13.145106999999998,19138.75598087006
13.145317999999998,19512.195121929064
13.145524999999997,19704.433497455273
13.145727999999998,19656.01965597453
13.145931,19512.195121929064
13.146135,19464.720194660596
13.146341,13913.043478271804
13.147827,19464.720194660596
13.148026,16985.13800427434
13.148238,15473.887814303685
13.148496999999999,15810.276679852102
13.148755,17897.091722618297
13.149002999999999,20050.125313292447
13.149201999999999,19801.98019803809
13.149401999999998,19370.460048426306
13.149605999999999,19370.460048426306
13.149814999999998,19512.195121929064
13.150018999999999,19370.460048426306
13.150224999999999,19323.671497619627
13.150431999999999,13468.013468023913
13.152598999999999,19656.01965597453
13.152802,19417.475728120222
13.153006,19417.475728120222
13.153214,13745.704467362493
13.155648,19559.902200515895
13.155859,19559.902200515895
13.156056999999999,19323.671497536714
13.156267999999999,19656.01965597453
13.156471,19656.01965597453
13.156675,19184.652278151887
13.156878,9422.85041224367
13.157727000000001,9070.29478457314
13.158406000000001,19753.08641972115
13.158609000000002,19753.08641972115
13.158811000000002,19801.980197951023
13.159014000000003,19370.460048426306
13.159215000000003,19417.475728203943
13.159427000000003,8888.888888892061
13.159627000000002,8839.779005529848
13.160327000000002,19607.843137245964
13.160532000000002,19607.843137245964
13.160735000000003,19656.019656060318
13.160940000000002,19559.902200515895
13.161142000000002,19138.75598087006
13.161349000000001,19277.108433722107
13.161560000000001,8088.978766426054
13.162549000000002,14414.414414406487
13.162845000000003,17429.193899807917
13.163104000000002,19950.12468827454
13.163304000000002,19656.01965597453
13.163505000000002,19184.652278151887
13.165116000000003,19607.843137245964
13.165315000000003,19323.671497619627
13.165524000000003,19323.671497619627
13.165729000000002,19093.07875899276
13.167156000000002,19559.902200515895
13.167361000000001,19323.671497619627
13.167565000000002,19417.475728203943
13.167775,19512.195121929064
13.167977,19512.195121929064
13.168185000000001,19656.019656060318
13.168387000000001,19417.475728203943
13.168592,19512.195121929064
13.168799,19851.11662529169
13.169002,19753.086419807787
13.169202,19370.460048426306
13.169407,19277.108433722107
13.169615,19093.07875899276
13.169822,15296.367112828693
13.170034,15473.887814303685
13.170345,19323.671497536714
13.170551,19559.90220043094
13.170759,19464.720194660596
13.170960000000001,19512.195122013603
13.17117,19704.433497541486
13.17137,19370.460048426306
13.171576,13840.830449849038
13.171783,11428.571428569063
13.172153999999999,12759.170653877227
13.172483,14209.591474209188
13.172781,15325.670498080373
13.174861,19656.01965597453
13.175065,19656.01965597453
13.175268,19607.843137245964
13.175472000000001,19512.195121929064
13.175676000000001,19230.76923079106
13.175882000000001,17094.017094028386
13.176092,17204.30107526291
13.176350000000001,19370.460048426306
13.176557,15841.584158402611
13.176763000000001,15904.57256460783
13.177062000000001,19370.460048426306
13.177266000000001,19370.460048426306
13.177475000000001,17130.62098499459
13.179609000000001,19656.019656060318
13.179814,18912.529550844498
13.180016,13071.895424830642
13.180237,8879.023307429217
13.181138,8771.929824565445
13.181802000000001,13157.894736848168
13.18205,11111.111111093145
13.18241,13311.148086491323
13.182770000000001,14678.89908255039
13.183011000000002,13179.571663910756
13.185068000000003,9888.751545113986
13.185673000000003,19559.902200515895
13.185877000000003,19417.475728203943
13.186082000000003,19230.76923079106
13.186289000000002,19323.671497619627
13.186498000000002,19559.902200515895
13.186703000000001,15037.593984969335
13.186907000000001,14625.22851921735
13.187235000000001,19047.619047615102
13.187454,19704.433497541486
13.187655000000001,19607.843137245964
13.18786,19559.90220043094
13.188063000000001,19277.108433722107
13.188269000000002,19230.76923079106
13.188478000000002,19417.475728203943
13.188685000000001,19002.37529694197
13.18889,19138.75598087006
13.189106,19417.475728203943
13.189308,19184.65227823361
13.189518,13245.033112601184
13.189725,10389.610389620222
13.190121999999999,11347.517730497168
13.190494999999999,14953.271028007688
13.190826999999999,17353.579175653154
13.19103,11188.811188790009
13.191288,10554.089709746568
13.191745000000001,12139.605462810829
13.192046000000001,10840.10840108214
13.193999000000002,19950.12468827454
13.194194000000001,19417.475728120222
13.194400000000002,19370.460048426306
13.194606000000002,19047.619047615102
13.194813000000002,12738.853503169721
13.195026000000002,11661.807580175531
13.195441000000002,15209.125475316509
13.195712000000002,17660.04415016954
13.195967000000001,19950.12468827454
13.196165,19704.433497455273
13.196368000000001,19559.90220043094
13.196571000000002,19464.720194660596
13.196777000000003,19370.460048426306
13.196982000000002,17130.62098499459
13.197190000000003,15267.17557250705
13.197449000000002,12499.999999987498
13.197714000000003,11678.832116776168
13.198089000000003,15624.999999984373
13.198399000000004,19704.433497541486
13.198601000000004,19417.475728120222
13.198805000000004,19464.720194576472
13.199013000000004,19704.433497455273
13.199216000000005,19656.01965597453
13.199419000000006,20151.133501282966
13.199623000000006,20151.133501282966
13.199816000000006,19512.195121929064
13.200020000000006,19370.460048426306
13.200226000000006,13422.818791950387
13.200822000000006,9720.534629399157
13.201439000000006,19464.720194660596
13.201645000000006,19417.475728203943
13.201850000000006,19230.76923079106
13.202057000000005,19370.460048426306
13.202266000000005,19512.195121929064
13.202470000000005,19464.720194660596
13.202676000000006,19559.902200515895
13.202881000000005,19277.108433722107
13.203085000000005,19464.720194660596
13.203296000000005,15904.57256460783
13.203496000000005,14336.917562728218
13.203799000000005,17278.617710587627
13.204054000000005,12558.869701704982
13.204262000000005,9324.009323999397
13.204691000000006,11678.832116776168
13.205120000000006,17429.193899740465
13.205376000000006,19559.90220043094
13.205579000000007,19464.720194660596
13.205785000000008,19559.902200515895
13.205990000000007,19607.843137245964
13.206194000000007,19656.01965597453
13.206398000000007,19607.843137245964
13.206601000000008,19753.086419807787
13.206806000000007,16096.579476883722
13.207006000000007,14678.899082598233
13.207303000000007,17660.04415016954
13.207551000000006,19512.195122013603
13.207756000000005,19464.720194660596
13.207961000000005,19230.76923079106
13.208167000000005,19323.671497619627
13.208377000000004,19464.720194660596
13.208581000000004,19417.475728203943
13.208788000000004,19464.720194660596
13.208993000000003,19512.195121929064
13.209199000000003,17582.41758239678
13.209403000000004,17857.142857125
13.209654000000004,19801.98019803809
13.209851000000004,19323.671497619627
13.210058000000004,15873.015873034965
13.210265000000003,15968.063872259867
13.210562000000003,19607.843137245964
13.210766000000003,19704.433497541486
13.210970000000003,19704.433497541486
13.211172000000003,19417.475728120222
13.211376000000003,14814.814814790861
13.211584000000004,8040.201005028074
13.211916000000004,8724.10032715956
13.212579000000003,17429.193899807917
13.212833000000003,19323.671497619627
13.213038000000003,13355.592654438531
13.213247000000003,10781.671159045485
13.213637000000002,14388.489208644562
13.213989000000002,19370.460048426306
13.214193000000002,19323.671497619627
13.214402000000002,19277.10843380462
13.214607,19047.619047695665
13.214817,12519.561815344063
13.215027,12578.616352199657
13.215456,19277.108433722107
13.215663,19559.90220043094
13.215871,19753.08641972115
13.216072,19801.98019803809
13.216276,19607.843137245964
13.216476,11126.564673155055
13.216684,8438.81856540723
13.217195,11611.030478963508
13.217632,17353.579175720024
13.217884,19277.108433722107
13.218093,15122.873345929333
13.218299,15122.873345929333
13.218622,11904.761904765734
13.218828,10540.18445324707
13.219294,15841.584158458334
13.219586999999999,19277.108433722107
13.219798999999998,19417.475728120222
13.220002,19512.195121929064
13.220210999999999,19900.497512382186
13.220412,14084.507042222918
13.220613,11747.43024963024
13.22098,9546.539379476144
13.221294,10178.117048349535
13.221818,15564.202334660169
13.22208,14059.753954293796
13.222332,15122.873345929333
13.222649,19277.108433722107
13.222861,19464.720194576472
13.223064,17021.276595745752
13.223272000000001,14260.249554383277
13.223534,8316.008316012956
13.223833,8686.21064060851
13.224496,15444.015443975173
13.224754,14059.753954293796
13.225014000000002,15594.541910338568
13.225323000000001,17316.017315993755
13.225527000000001,13536.379018612333
13.225785000000002,8501.594048891462
13.226118000000001,9840.098400995334
13.226726000000001,19417.475728203943
13.226931,19656.019656060318
13.227138,19370.460048426306
13.227338,11544.011544010633
13.227551,9259.259259259517
13.228031,8958.566629343433
13.228415,9291.521486657808
13.228924,12903.225806459504
13.229275999999999,15296.367112828693
13.229543999999999,14084.507042266965
13.235893,10191.082802541543
13.236410000000001,9626.955475333196
13.245068,19950.12468827454
13.245277,13937.282229957958
13.2476,17660.04415010029
13.247854,19801.98019803809
13.248053,12139.605462843552
13.252726,17167.381974270615
13.252982999999999,17204.30107526291
13.253191999999999,10899.182561314312
13.285966999999998,19900.49751247012
13.286163999999998,17204.30107526291
13.290790999999997,19559.902200515895
13.290994999999997,19607.843137245964
13.291199999999996,19323.671497536714
13.291402999999997,19323.671497536714
13.291613999999997,10752.688172029048
13.295427999999998,13223.140495863643
13.295726999999998,13029.3159609002
13.297859999999998,10512.483574235051
13.303586999999998,8483.563096489299
13.308641,10914.051841741531
13.326055,17505.470459555316
13.326307,16949.15254242769
13.326512,9009.009009011263
13.337247999999999,9060.022650056962
13.344949000000002,19656.01965597453
13.345150000000002,19559.90220043094
13.345356000000002,17543.859649062546
13.345559000000003,11695.906432723552
13.347025000000004,14209.591474209188
13.347380000000005,19512.195121929064
13.347588000000005,19559.902200515895
13.347790000000005,19138.75598087006
13.347997000000005,17467.248908294296
13.348208000000005,9975.06234413727
13.348455000000005,9864.364981497489
13.349010000000005,17204.30107526291
13.349266000000005,10178.117048349535
13.350052000000005,10869.56521739355
13.350583000000006,19277.10843380462
13.350788000000005,13651.877133142585
13.350998000000004,8565.310492513587
13.351374000000003,8705.114254627717
13.351932000000003,11034.482758632888
13.354053000000002,10884.353741514074
13.355564000000001,17467.248908294296
13.355822000000002,12618.296529972407
13.357425000000001,12800.000000011642
13.357794,10596.026490068483
13.359908,12924.071082383243
13.360168000000002,8547.008547014193
13.360527000000001,8154.943934764983
13.361104000000001,12048.192771076318
13.361508,15624.999999984373
13.361768000000001,15655.577299428722
13.362020000000001,15533.980582522969
13.362279000000001,14311.270125201485
13.374059000000003,19417.475728203943
13.374264000000002,19559.902200515895
13.374471000000002,19753.08641972115
13.374673000000001,19512.195121929064
13.374876000000002,19512.195121929064
13.375083000000002,19851.11662529169
13.375286000000003,15748.031496064452
13.375486000000002,10362.694300524165
13.375794000000003,10416.666666680343
13.379166000000001,17429.193899807917
13.379416,19512.195121929064
13.379625,19559.90220043094
13.379826000000001,19323.671497536714
13.380034000000002,19323.671497536714
13.380240000000002,19704.433497541486
13.380448000000003,12269.938650329996
13.380646000000002,12176.560121759083
13.381100000000002,19559.90220043094
13.381303000000003,19559.90220043094
13.381509000000003,19417.475728120222
13.381712000000004,9019.165727164886
13.381921000000004,9029.345372447506
13.382599000000004,15473.887814303685
13.384841000000005,19230.76923079106
13.385048000000005,19277.108433722107
13.385257000000005,19323.671497536714
13.385463000000005,19464.720194576472
13.385671000000006,19464.720194576472
13.385874000000006,19277.108433722107
13.386082000000007,19230.76923079106
13.386289000000007,19184.652278151887
13.386498000000007,16949.152542363903
13.386706000000007,10810.810810804865
13.386970000000007,11644.832605514475
13.388507000000008,12519.561815344063
13.388766000000007,10526.315789478534
13.389146000000007,13698.630136988228
13.389526000000007,13986.013986013571
13.389730000000007,13888.888888874999
13.390098000000007,19093.078758911815
13.390306000000008,17167.381974270615
13.390517000000008,15503.875969013437
13.390772000000007,17278.617710587627
13.391033000000007,19851.11662529169
13.391235000000007,19512.195121929064
13.391436000000008,12759.170653913374
13.391645000000008,12841.091492794365
13.392063000000007,19417.475728203943
13.392268000000007,19277.108433722107
13.392475000000006,19184.652278151887
13.392683000000007,17817.371937651118
13.392892000000007,17937.21973093493
13.393132000000007,19704.433497541486
13.393338000000007,19417.475728203943
13.393538000000007,13816.92573402162
13.393750000000006,8898.776418238263
13.394117000000007,10825.4397835003
13.394649000000006,13937.282229957958
13.395223000000007,9478.672985793708
13.395862000000006,19370.460048426306
13.396067000000006,19277.108433722107
13.396275000000006,15810.276679852102
13.396482000000006,12364.760432752659
13.396781000000006,14466.54611211506
13.397129000000007,19464.720194660596
13.397334000000006,19323.671497536714
13.397540000000006,19370.460048426306
13.397748000000007,17505.470459555316
13.397953000000006,17204.30107526291
13.398205000000006,9478.672985773757
13.398418000000007,9626.955475333196
13.399049000000007,19607.843137245964
13.399249000000006,19370.460048426306
13.399457000000007,19417.475728203943
13.399662000000006,19559.902200515895
13.399869000000006,17316.017315993755
13.401555000000007,19277.108433722107
13.401764000000007,19230.76923079106
13.401970000000007,19184.65227823361
13.402180000000007,19047.619047615102
13.402387000000006,17241.379310311084
13.403722000000007,15238.095238053415
13.403987000000008,17429.193899740465
13.404247000000009,17353.579175720024
13.404446000000009,17241.379310377088
13.404708000000008,16985.13800427434
13.404910000000008,11851.85185186388
13.405179000000008,9557.945041808669
13.405585000000007,8412.197686640415
13.406016000000008,9720.534629399157
13.406536000000008,15748.031496064452
13.406839000000009,19323.671497619627
13.407044000000008,17094.017094028386
13.407253000000008,12121.212121214272
13.407512000000008,11363.636363624999
13.407913000000008,15748.031496064452
13.408216000000008,14869.888475869122
13.410166000000007,19323.671497536714
13.410377000000008,19753.08641972115
13.410580000000008,19607.843137245964
13.410782000000008,19417.475728120222
13.410988000000009,19230.76923079106
13.411194000000009,19230.76923079106
13.411404000000008,19184.652278151887
13.411610000000008,19323.671497536714
13.411821000000009,19559.90220043094
13.41202400000001,19417.475728120222
13.41223000000001,17278.617710587627
13.41243600000001,14159.292035400067
13.41269300000001,8820.286659318674
13.41300100000001,9975.06234413727
13.41360000000001,19607.843137245964
13.41380300000001,19464.720194660596
13.41400800000001,19559.90220043094
13.41421400000001,19656.01965597453
13.414417000000011,19464.720194660596
13.414621000000011,19417.475728203943
13.41482800000001,19417.475728203943
13.41503300000001,19230.76923079106
13.41524000000001,13445.378151247685
13.41544900000001,8040.2010050137205
13.41583500000001,8686.21064060851
13.416444000000011,15384.615384619707
13.41675600000001,19704.433497541486
13.41696400000001,19851.11662537919
13.41716200000001,19417.475728203943
13.41736700000001,19323.671497619627
13.41931800000001,14184.39716310359
13.41967600000001,19464.720194660596
13.41988200000001,19464.720194660596
13.42008700000001,19999.999999957792
13.42029300000001,19607.843137245964
13.42048700000001,18957.345971547515
13.42070100000001,19464.720194576472
13.42090900000001,19559.90220043094
13.421112000000011,19512.195121929064
13.421318000000012,19417.475728120222
13.421522000000012,19370.460048426306
13.421730000000013,12578.616352199657
13.421935000000012,8501.594048875413
13.422366000000013,10416.666666656249
13.422876000000013,13071.895424830642
13.423134000000013,14260.249554383277
13.423488000000013,19512.195121929064
13.423695000000013,11834.319526621215
13.423898000000014,11747.43024963024
13.424371000000013,11494.252873540721
13.426407000000015,19417.475728203943
13.426605000000015,19323.671497619627
13.426819000000014,19801.98019803809
13.427019000000014,17241.379310311084
13.427223000000014,14159.292035355551
13.427483000000015,14362.65709154686
13.427788000000016,14519.056261349702
13.430070000000015,9546.539379476144
13.430908000000015,10403.120936280618
13.431471000000014,19512.195121929064
13.431677000000015,19559.902200515895
13.431881000000015,19464.720194660596
13.432086000000014,19138.75598087006
13.432292000000015,10914.051841741531
13.432504000000014,10989.010989003351
13.433025000000015,19230.76923079106
13.433232000000014,19512.195121929064
13.433441000000014,10928.961748617978
13.433642000000015,9501.18764845094
13.434173000000015,10243.277848912692
13.434484000000015,10243.277848912692
13.434954000000015,15384.615384619707
13.435265000000015,15414.258188806774
13.438728000000017,17021.276595745752
13.438944000000017,15936.254980107798
13.439198000000017,17937.21973100637
13.439446000000016,24169.184290089135
13.439644000000015,30534.351145117613
13.439777000000015,25078.36990601177
13.439906000000015,22346.368715064917
13.440096000000015,25641.025640945252
13.440264000000015,21505.376344058095
13.440408000000016,19607.843137245964
13.440636000000016,24169.184289959427
13.440816000000016,26315.789473696335
13.440967000000017,26143.790849813053
13.441120000000016,28571.428571422653
13.441273000000015,28070.175438434468
13.441400000000016,19047.619047615102
13.441558000000017,17543.85964913089
13.441820000000016,20050.125313292447
13.442014000000016,19512.195122013603
13.442219000000016,19417.475728203943
13.442424000000015,19184.65227823361
13.442631000000015,19047.619047695665
13.442841000000014,19277.10843380462
13.443051000000013,19656.019656060318
13.443256000000012,19704.433497541486
13.443458000000012,19559.902200515895
13.443662000000012,19230.76923079106
13.443867000000012,19323.671497536714
13.444078000000012,19607.843137245964
13.444281000000013,19559.902200515895
13.444486000000012,19559.902200515895
13.444690000000012,19512.195122013603
13.444895000000011,17241.379310377088
13.44510000000001,13201.320132025394
13.44535900000001,13377.92642140248
13.44570600000001,17429.193899740465
13.44595700000001,19370.460048426306
13.446165000000011,19370.460048426306
13.44637000000001,19417.475728120222
13.446578000000011,17204.30107526291
13.446782000000011,17094.017094028386
13.447043000000011,12558.869701740005
13.447250000000011,9237.875288680878
13.44768000000001,10025.062656623906
13.448116000000011,10075.566750618942
13.448910000000012,8088.978766426054
13.449696000000012,19512.195121929064
13.449899000000013,19417.475728203943
13.450106000000012,19138.75598087006
13.450311000000012,9975.06234413727
13.454708000000013,10884.353741487768
13.456788000000014,16771.488469599542
13.456994000000014,10914.051841741531
13.457265000000014,8938.547486034837
13.460715000000013,9535.160905849993
13.461344000000013,17094.017094028386
13.466685000000012,12698.412698427972
13.466939000000012,10624.169986726001
13.467315000000012,12987.012986995318
13.467692000000012,17777.777777749034
13.467931000000013,13008.13008130483
13.471830000000013,20100.5025125343
13.472024000000014,11080.332409977404
13.486111000000015,9756.097560985667
13.486722000000015,13913.043478271804
13.486931000000014,13913.043478271804
13.487297000000014,15037.593984969335
13.687692000000013,25157.232704399314
13.687795000000012,15533.980582522969
13.688010000000013,17021.276595745752
13.688310000000012,21333.333333332524
13.688480000000013,19417.475728203943
13.688685000000012,19093.07875899276
13.688892000000012,17429.193899807917
13.689104000000011,20050.125313292447
13.689351000000011,25559.105431291144
13.68950300000001,22471.910112358102
13.689664000000011,17316.017316060337
13.68985900000001,13311.148086530666
13.85863200000001,10695.187165778992
13.90074700000001,39800.99502476437
13.90084700000001,25396.825396784334
13.90094800000001,16460.905349779656
13.90116200000001,19277.108433722107
13.90143400000001,27874.564459915917
13.90157700000001,27681.660899613
13.90172100000001,30651.340996160747
13.90186600000001,33613.44537821956
13.901982000000011,32786.88524609263
13.90210400000001,33195.02074701916
13.90222600000001,33057.85123965911
13.90234500000001,32388.66396762626
13.90246800000001,32128.514056203512
13.90259200000001,31496.062992128904
13.90271700000001,30769.230769344522
13.90284600000001,30769.230769344522
13.902977000000009,30769.230769344522
13.903106000000008,30303.03030307646
13.903237000000008,29962.546816577138
13.903370000000008,29850.746268837087
13.903504000000007,16000.00000003729
14.020399000000008,11204.481792739854
14.020832000000008,18867.924528352185
14.021113000000007,27681.660899613
14.021256000000006,20671.83462523264
14.021402000000007,18957.345971547515
14.021643000000008,26578.073089671965
14.021824000000008,23598.82005897538
14.021944000000008,19607.843137245964
14.022163000000008,22792.02279200901
14.022352000000009,27303.75426628517
14.022514000000008,24316.109422572703
14.022645000000008,17130.620985059755
14.022843000000007,13333.333333364408
14.055537000000006,8421.052631582827
14.057601000000005,19417.475728120222
14.057731000000006,19464.720194660596
14.058013000000006,27586.20689658222
14.059178000000006,14388.489208644562
14.059312000000006,11188.811188817806
14.137888000000006,24922.118380095562
14.138035000000006,17241.379310377088
14.138209000000005,17543.85964913089
14.138499000000005,28880.866425937853
14.138665000000005,36199.095022656424
14.138776000000005,35874.43946186986
14.138886000000005,35087.71929826178
14.138999000000005,34782.60869589442
14.139114000000005,34334.76394854123
14.139229000000004,34042.553191491505
14.139347000000004,33333.333333361676
14.139464000000004,32653.06122454222
14.139587000000004,32653.06122454222
14.139709000000003,32520.32520316814
14.139832000000004,31999.999999847205
14.139955000000004,31249.999999968746
14.140082000000005,31372.549019702812
14.140211000000004,31372.549019702812
14.140337000000004,30534.351145117613
14.140466000000004,30075.18796993867
14.140599000000003,30188.679245211722
14.140732000000003,30075.18796993867
14.140864000000004,29411.764705997
14.140998000000003,28571.428571422653
14.141136000000003,25078.369905872118
14.141278000000003,25477.707006267377
14.141455000000004,20725.38860100064
14.141592000000005,20725.38860100064
14.141841000000005,18867.924528273135
14.141978000000005,17391.304347812893
14.142265000000005,16877.63713078283
14.169445000000007,10349.28848640881
14.169850000000007,9685.230024213153
14.170218000000007,9259.259259259517
14.170676000000007,11204.481792711978
14.171082000000007,17167.381974205175
14.171390000000008,18223.23462414254
14.17482700000001,14814.814814839596
14.175158000000009,8501.594048891462
14.18069000000001,14678.89908255039
14.26475700000001,29411.764705997
14.26493100000001,15748.031496064452
14.265029000000009,13913.043478228823
14.26543900000001,28985.507246242887
14.26560400000001,36199.095022656424
14.26571500000001,35874.43946186986
14.26582500000001,34782.608695625786
14.26593800000001,34334.76394854123
14.26605500000001,34042.553191491505
14.26617100000001,33613.44537821956
14.26629000000001,33333.333333361676
14.26640900000001,32921.81069967964
14.26653000000001,32653.06122454222
14.26665200000001,32258.064516010127
14.26677500000001,31872.509960102816
14.26690000000001,31746.03174606993
14.26702600000001,31496.062992128904
14.26715200000001,31128.404669320338
14.26728000000001,30888.03088805627
14.26740900000001,30651.340996160747
14.26753900000001,30303.03030307646
14.26767000000001,30188.679245211722
14.26780300000001,30075.18796993867
14.26793500000001,29739.776951738244
14.26806900000001,29411.76470580492
14.26820400000001,18181.818181772473
14.26834100000001,9876.543209860574
14.26864400000001,8221.993833503673
14.298373000000012,12718.60095389526
14.298541000000013,8686.21064060851
14.299002000000012,10914.051841741531
14.299462000000013,17316.017315993755
14.299735000000013,19464.720194576472
14.299924000000013,11627.906976740063
14.300146000000014,11188.811188817806
14.300612000000013,9248.554913284064
14.300861000000014,9269.988412506704
14.301477000000014,18561.48491876179
14.301724000000014,8998.875140599268
14.307640000000015,9523.809523807551
14.307930000000015,8556.14973261913
14.308480000000015,8221.993833503673
14.388580000000017,51948.05194798127
14.388655000000018,25559.105431291144
14.388734000000017,24922.11837995765
14.388968000000018,46242.774566420325
14.389055000000019,40000.00000009323
14.389141000000018,38647.342995239254
14.389255000000018,42780.74866301437
14.389348000000018,42553.19148904272
14.389442000000018,41884.81675372047
14.38953600000002,40816.32653045582
14.38963300000002,40201.0050250686
14.38973200000002,40000.00000009323
14.38983200000002,39215.68627449193
14.38993200000002,38277.51196174012
14.39003600000002,37914.69194309503
14.39014100000002,36866.35944683099
14.39024700000002,36199.095022656424
14.39035800000002,36036.03603618922
14.39046800000002,35398.230088555814
14.39058000000002,34934.497816724084
14.39069400000002,34632.034632120674
14.390809000000019,34334.76394854123
14.390925000000019,33755.27426156566
14.391042000000018,33195.020746774484
14.391162000000019,32921.81069967964
14.39128300000002,32653.06122454222
14.391405000000018,32258.064516010127
14.391528000000019,31746.03174584615
14.39165300000002,31372.549019484268
14.39178000000002,31249.999999968746
14.39190800000002,30888.03088805627
14.39203600000002,30418.25095053029
14.39216700000002,30075.18796993867
14.39229900000002,29850.746268837087
14.39243300000002,29739.776951738244
14.39256700000002,29411.76470580492
14.39270200000002,29304.02930403277
14.39283900000002,29411.764705997
14.39297500000002,28985.50724642944
14.393111000000019,28070.175438609425
14.393251000000019,27681.660899613
14.393396000000019,28368.79432620718
14.39354000000002,28571.428571422653
14.393678000000019,28169.014084445836
14.39382000000002,27874.564459915917
14.39396200000002,27681.660899613
14.39410700000002,27681.660899613
14.39425100000002,27397.260273976455
14.39439600000002,27303.754266119635
14.39454300000002,26666.666666570916
14.394689000000021,21108.179419493135
14.394843000000021,12480.499219970909
14.518302000000022,15810.276679852102
14.51851900000002,15094.339622605861
14.518808000000021,22922.63610303961
14.519049000000022,37209.30232545292
14.519157000000023,36866.35944713278
14.519264000000023,36199.095022656424
14.519374000000022,35555.55555549807
14.519485000000023,34482.75862062217
14.519599000000023,34482.75862062217
14.519717000000023,34632.034632120674
14.519831000000023,33472.803347452886
14.519948000000023,33057.85123965911
14.520070000000022,33195.020746774484
14.520190000000023,32786.88524585393
14.520311000000023,32388.66396762626
14.520434000000023,31872.509960102816
14.520558000000023,31620.5533595932
14.520685000000023,31746.03174606993
14.520811000000023,31249.999999968746
14.520937000000023,30888.03088805627
14.521067000000023,30534.351145117613
14.521196000000023,30188.679245211722
14.521329000000023,30418.25095053029
14.521461000000023,30075.18796993867
14.521592000000023,29304.02930403277
14.521727000000023,26058.63192187579
14.521865000000023,26315.789473696335
14.522034000000023,29090.909090882935
14.522169000000023,29090.909090882935
14.522309000000023,29197.080291864706
14.522444000000023,25477.707006267377
14.522583000000024,22922.636103156285
14.522758000000024,22471.910112358102
14.522932000000024,24390.243902332077
14.523114000000025,24390.243902332077
14.523260000000025,22160.664819954807
14.523442000000026,21917.808219261166
14.523621000000025,21563.34231809097
14.566109000000026,8547.008546997971
14.566870000000026,14814.814814790861
14.567045000000027,10738.255033553909
14.567410000000027,14440.433213015227
14.645187000000027,52980.132450093115
14.645262000000027,52287.581699626106
14.645338000000027,50955.41401282302
14.645415000000026,49999.99999967244
14.645495000000027,48484.8484845961
14.645575000000028,24096.385542152635
14.645660000000028,23880.59701494304
14.645907000000028,44444.44444437258
14.645995000000028,43243.24324321946
14.646087000000028,42328.042328292155
14.646180000000028,41450.77720219203
14.646276000000027,27874.564459915917
14.646373000000027,27491.408934641076
14.646563000000027,38834.951456240444
14.646664000000028,37914.69194309503
14.646769000000027,37383.17756983304
14.646875000000028,36529.680365079716
14.646983000000029,36199.095022656424
14.64709400000003,35874.43946186986
14.647204000000029,35398.23008827759
14.64731700000003,35087.71929826178
14.64743000000003,34482.75862088619
14.64754500000003,34334.76394854123
14.647662000000029,34042.553191491505
14.647778000000029,33472.8033472041
14.647897000000029,33195.020746774484
14.64801700000003,32921.81069967964
14.64813800000003,32520.32520340297
14.648260000000029,32128.514056203512
14.648384000000028,31872.509960102816
14.648509000000029,31372.549019702812
14.648635000000029,31128.404669320338
14.648764000000028,31007.751937920126
14.648892000000028,30303.03030307646
14.649022000000029,29962.546816577138
14.649156000000028,30075.18796993867
14.649289000000028,29739.776951738244
14.649422000000028,29304.02930403277
14.649558000000027,29090.909090882935
14.649695000000028,28880.866425937853
14.649833000000028,28776.978417105245
14.649972000000028,28673.835125365153
14.65011100000003,28368.79432620718
14.65025100000003,27972.027971940275
14.65039300000003,27874.564459915917
14.65053700000003,27777.77777783566
14.65068000000003,27681.660899613
14.65082500000003,27681.660899613
14.65096900000003,27491.408934641076
14.65111400000003,27397.260273809785
14.65126000000003,27303.754266119635
14.651406000000032,27118.64406784348
14.651553000000032,26936.026936047827
14.651701000000031,26845.637583820764
14.651850000000032,26755.85284280496
14.651999000000032,26402.640264128182
14.652149000000032,26143.790849813053
14.65230200000003,26229.508196797717
14.65245500000003,25974.025973990636
14.65260700000003,25477.707006267377
14.65276300000003,14598.540145979674
14.773228000000032,8255.933952532183
14.774075000000032,35874.43946186986
14.774197000000031,39800.99502476437
14.774298000000032,39408.8669952554
14.774398000000032,38277.51196174012
14.774501000000031,37735.84905638818
14.774607000000032,37209.30232545292
14.774713000000032,36529.680365376014
14.774822000000032,36363.63636383856
14.774932000000032,35874.43946186986
14.775042000000031,35242.2907487988
14.775155000000032,34934.497816724084
14.775269000000032,34188.03418818653
14.775384000000031,34188.03418818653
14.77550300000003,33898.30508485538
14.77561800000003,33333.333333361676
14.77573900000003,33333.333333361676
14.77585800000003,32786.88524585393
14.77597900000003,32520.32520316814
14.77610200000003,32128.514056203512
14.77622500000003,31620.5533595932
14.77635100000003,31746.03174584615
14.776478000000031,31128.40466910518
14.776603000000032,31007.751937920126
14.776735000000032,31249.999999968746
14.776861000000032,30769.230769134305
14.776991000000033,29962.5468163778
14.777121000000033,29739.77695154186
14.777258000000034,30188.679245211722
14.777390000000034,29739.776951738244
14.777523000000034,29304.02930403277
14.777659000000034,28985.507246242887
14.777796000000034,28673.835125365153
14.777935000000035,28571.428571422653
14.778075000000035,28571.428571422653
14.778215000000035,28368.79432620718
14.778355000000035,28268.551236790157
14.778497000000035,28070.175438609425
14.778638000000035,27681.660899613
14.778782000000035,27681.660899613
14.778927000000035,27681.660899613
14.779071000000036,27303.75426628517
14.779216000000035,27303.75426628517
14.779364000000035,27397.260273976455
14.779509000000035,27118.64406784348
14.779656000000035,26666.666666728815
14.779804000000034,26229.508196797717
14.779956000000034,21108.179419592067
14.780109000000033,11764.705882368067
14.820128000000034,12618.296529972407
14.820415000000034,8342.022940563676
14.822589000000034,10204.081632637077
14.823234000000035,25723.472668814407
14.823373000000036,15267.175572558806
14.823545000000035,13157.894736848168
14.823897000000034,15841.584158402611
14.824153000000035,10958.904109577248
14.825471000000036,10825.4397835003
14.826039000000035,14440.433213015227
14.826210000000035,10050.251256289579
14.826593000000035,11251.758087188555
14.827006000000035,12232.415902125324
14.827304000000035,14842.300556590535
14.827660000000035,21857.923497288997
14.827843000000035,19851.11662529169
14.828026000000035,9615.384615374998
14.828246000000036,9720.534629399157
14.828858000000036,16842.105263165653
14.829069000000036,12519.561815344063
14.829333000000036,11994.002998501232
14.829708000000036,8928.5714285802
14.907660000000035,23952.095808347338
14.907900000000035,46511.627906720074
14.907994000000036,51282.051281890504
14.908072000000036,50632.91139215874
14.908150000000036,49999.99999967244
14.908230000000037,48780.48780492833
14.908310000000037,47904.19161694945
14.908394000000037,47337.27810660925
14.908477000000037,46511.627907200425
14.908563000000036,45714.28571462427
14.908649000000036,44198.89502773599
14.908738000000035,43010.75268791081
14.908830000000036,42105.26315791414
14.908924000000036,41237.1134023392
14.909020000000035,40404.040404192565
14.909118000000035,39603.96039607618
14.909218000000035,38834.951456240444
14.909320000000035,38095.238095069086
14.909424000000035,37209.30232545292
14.909530000000036,36363.636363544945
14.909639000000036,36036.03603590088
14.909750000000036,35874.43946186986
14.909861000000037,35714.285714391604
14.909973000000036,34934.497816724084
14.910085000000036,34632.034632120674
14.910202000000035,34482.75862062217
14.910316000000035,34042.553191491505
14.910434000000036,33898.30508485538
14.910551000000035,33333.333333361676
14.910670000000035,33057.85123965911
14.910791000000035,32786.88524585393
14.910912000000035,32786.88524585393
14.911035000000036,32388.66396762626
14.911156000000036,31746.03174606993
14.911282000000035,31496.062992128904
14.911408000000035,30769.230769134305
14.911536000000035,30188.679245211722
14.911668000000036,30075.18796993867
14.911801000000036,29629.629629581723
14.911934000000036,29304.02930403277
14.912071000000036,29411.764705997
14.912207000000036,29090.909090882935
14.912343000000035,28776.978417105245
14.912482000000036,28571.428571422653
14.912621000000037,28368.79432638588
14.912762000000036,28268.551236790157
14.912903000000036,28070.175438609425
14.913045000000036,27972.02797211401
14.913188000000035,27874.564459915917
14.913331000000035,27681.660899613
14.913475000000036,27491.408934641076
14.913620000000035,27397.260273809785
14.913766000000036,27397.260273809785
14.913912000000037,27303.754266119635
14.914058000000038,27118.64406784348
14.914205000000038,26936.026936047827
14.914353000000037,26755.85284280496
14.914502000000038,26490.06622520237
14.914652000000038,26229.508196797717
14.914804000000037,26143.790849813053
14.914957000000037,25641.02564109124
14.915110000000036,12213.740458013921
